22.809,23.1834,54.0076
22.7872,23.1739,54.039
22.7336,23.1193,54.147
22.7185,23.097,54.1845
22.5987,23.0759,54.3253
22.5987,23.1091,54.2923
22.7364,23.1411,54.1224
22.8084,23.184,54.0076
22.8194,23.1933,53.9873
22.8351,23.1994,53.9654
22.8343,23.1919,53.9738
22.8373,23.1801,53.9826
22.8429,23.1798,53.9773
22.8369,23.1802,53.9829
22.8066,23.177,54.0164
22.7786,23.1696,54.0517
22.7688,23.1668,54.0644
22.7541,23.1614,54.0845
22.6736,23.1301,54.1963
22.4353,23.0386,54.5261
22.462,23.0509,54.4871
24.144,23.5892,52.2668
22.4426,23.0398,54.5176
22.6195,23.1269,54.2536
22.6995,23.1612,54.1394
22.7002,23.145,54.1548
22.703,23.1434,54.1537
22.7286,23.1744,54.0969
22.745,23.1684,54.0865
22.7388,23.1831,54.0781
22.7121,23.1455,54.1424
22.7095,23.1649,54.1256
22.7235,23.1937,54.0828
22.6989,23.1853,54.1158
22.6818,23.167,54.1512
22.7005,23.1556,54.144
22.7003,23.1659,54.1338
22.6879,23.164,54.1481
22.6944,23.1809,54.1247
22.7075,23.1849,54.1075
22.6632,23.1661,54.1708
22.6667,23.1634,54.1699
22.6503,23.1782,54.1715
22.6597,23.1871,54.1532
22.6461,23.2027,54.1513
22.6057,23.1635,54.2308
22.5675,23.1649,54.2676
22.5317,23.1484,54.3198
22.5334,23.1256,54.341
22.4891,23.1436,54.3672
22.5081,23.1265,54.3654
22.4574,23.1294,54.4132
22.4179,23.1091,54.4729
22.3594,23.0995,54.5411
22.2219,23.032,54.7462
22.6386,23.118,54.2434
21.9119,22.9069,55.1812
22.3996,23.0968,54.5036
22.3672,23.0399,54.5929
22.5726,23.1301,54.2973
23.4064,23.4614,53.1322
23.4454,23.4469,53.1077
23.7075,23.5881,52.7044
22.6358,23.1576,54.2066
22.534,23.1709,54.2951
22.9936,23.3528,53.6536
22.1394,23.0274,54.8332
22.4424,23.1673,54.3902
21.9918,22.9892,55.019
22.1031,23.0142,54.8828
22.1818,23.0405,54.7778
22.0764,23.0165,54.9071
22.0783,23.0338,54.8879
22.0606,23.0146,54.9248
22.0308,23.0227,54.9465
22.0083,23.0239,54.9679
22.0399,23.0173,54.9427
21.9424,23.0121,55.0455
21.9556,23.0053,55.0391
21.941,23.0082,55.0508
21.8903,22.9848,55.1249
21.9016,22.9672,55.1312
21.9399,22.9577,55.1023
21.9654,22.9832,55.0514
21.9386,22.9666,55.0948
21.8925,22.9518,55.1557
21.8298,22.9479,55.2223
21.7683,22.9478,55.2839
21.7551,22.9304,55.3146
21.7425,22.9327,55.3248
21.5912,22.9024,55.5064
21.55,22.8102,55.6398
22.4635,23.1167,54.4198
21.8612,22.8814,55.2574
22.2495,23.0836,54.6669
21.2897,22.7478,55.9625
21.9646,22.9444,55.091
24.2387,23.9122,51.849
21.2145,22.7162,56.0692
21.3768,22.7981,55.8251
21.4484,22.8132,55.7384
21.2898,22.7632,55.947
22.0825,23.0727,54.8448
21.6492,22.8984,55.4523
22.07,23.0484,54.8816
25.0761,24.27,50.6538
21.4662,22.7312,55.8026
21.368,22.7472,55.8848
23.0111,23.4542,53.5347
22.8404,23.4155,53.7441
22.2182,23.1119,54.6699
21.1143,22.6454,56.2403
21.1621,22.6822,56.1557
21.3585,22.8285,55.813
21.3026,22.8107,55.8867
21.6796,22.9193,55.4011
21.1552,22.7351,56.1096
21.2052,22.7825,56.0123
21.3224,22.8385,55.8392
21.2541,22.8143,55.9316
21.21,22.7951,55.9949
21.2775,22.8255,55.897
21.2452,22.8488,55.906
21.265,22.8569,55.8781
21.176,22.7801,56.0439
21.0498,22.7617,56.1885
21.066,22.7776,56.1564
21.0241,22.7536,56.2223
21.1118,22.7822,56.106
21.1666,22.8429,55.9906
21.128,22.8214,56.0507
21.0076,22.7128,56.2795
21.1412,22.7418,56.117
20.9546,22.749,56.2964
21.0103,22.798,56.1917
20.9632,22.7669,56.2699
20.9175,22.7615,56.321
20.923,22.7556,56.3214
20.946,22.7544,56.2996
21.0043,22.7918,56.2039
20.9407,22.7539,56.3053
20.89,22.6925,56.4175
20.8653,22.7183,56.4165
20.8714,22.7437,56.3849
20.8706,22.7378,56.3916
20.8318,22.7075,56.4607
20.8048,22.6833,56.5119
20.7869,22.6949,56.5182
20.7675,22.6754,56.5572
20.727,22.694,56.579
20.682,22.6678,56.6503
20.6563,22.6712,56.6725
20.6815,22.679,56.6395
20.6214,22.653,56.7256
20.5808,22.6321,56.7871
20.6206,22.6091,56.7704
20.5246,22.6052,56.8702
20.5125,22.5972,56.8902
20.4557,22.5306,57.0137
20.4286,22.5488,57.0225
20.4963,22.6066,56.897
20.4568,22.5728,56.9704
20.4186,22.5548,57.0267
20.3832,22.5464,57.0704
20.3663,22.552,57.0817
20.3562,22.5593,57.0845
20.2684,22.5272,57.2045
20.3123,22.5487,57.139
20.3066,22.5567,57.1367
20.2531,22.5546,57.1923
20.2334,22.5661,57.2005
20.2003,22.5283,57.2714
20.1567,22.4996,57.3437
20.1387,22.5067,57.3546
20.0789,22.4759,57.4452
20.0664,22.4658,57.4678
19.9974,22.4414,57.5611
19.9324,22.4201,57.6475
19.8819,22.4073,57.7108
19.8923,22.417,57.6908
23.407,23.3753,53.2177
23.5019,23.3972,53.1009
23.4133,23.385,53.2016
23.4422,23.387,53.1707
23.4449,23.3882,53.1669
23.4274,23.3855,53.1872
23.4849,23.3926,53.1225
23.3993,23.3801,53.2207
23.4883,23.4005,53.1112
23.4936,23.405,53.1014
23.4816,23.4078,53.1106
23.4425,23.4036,53.1539
23.446,23.4023,53.1517
23.4448,23.3966,53.1586
23.4027,23.388,53.2093
23.3824,23.3827,53.2349
23.3904,23.3971,53.2125
23.4147,23.4061,53.1791
23.4158,23.3985,53.1857
23.459,23.4077,53.1333
23.4099,23.4048,53.1853
23.5487,23.4359,53.0155
23.3797,23.4036,53.2167
23.7894,23.4582,52.7525
23.3439,23.3928,53.2633
23.3034,23.3842,53.3124
23.272,23.3881,53.3399
23.3004,23.3889,53.3106
23.3429,23.3991,53.258
23.271,23.3804,53.3486
23.235,23.3727,53.3923
23.2878,23.3873,53.325
23.35,23.4039,53.246
23.3197,23.3985,53.2818
23.2634,23.3873,53.3494
23.2393,23.3876,53.3731
23.1913,23.3751,53.4336
23.1806,23.3751,53.4443
23.1361,23.3643,53.4996
23.2376,23.3902,53.3722
23.2304,23.3928,53.3768
23.2132,23.3917,53.3951
23.191,23.3849,53.4241
23.2158,23.3977,53.3865
23.1823,23.3928,53.4249
23.1909,23.3922,53.417
23.1276,23.3786,53.4938
23.1005,23.3784,53.5211
23.131,23.3896,53.4794
23.1261,23.3884,53.4855
23.1699,23.3967,53.4334
23.158,23.3921,53.45
23.1433,23.3959,53.4608
23.0964,23.3912,53.5124
23.0662,23.3831,53.5507
23.0848,23.3841,53.5311
23.0563,23.3838,53.5599
23.0792,23.3955,53.5253
23.0752,23.4013,53.5235
23.0137,23.3835,53.6028
23.0097,23.388,53.6022
22.9897,23.3878,53.6225
22.9841,23.385,53.6309
22.9747,23.3783,53.647
22.9718,23.3854,53.6428
22.9249,23.3808,53.6943
22.8912,23.3676,53.7411
22.8846,23.3651,53.7503
22.8347,23.3639,53.8014
22.7913,23.3533,53.8554
22.7772,23.3463,53.8765
22.7518,23.3545,53.8937
22.7367,23.3464,53.9168
22.701,23.3444,53.9546
22.725,23.3511,53.9239
22.6736,23.3298,53.9965
22.6552,23.3368,54.008
22.6805,23.3425,53.977
22.6821,23.3519,53.966
22.6708,23.3576,53.9717
22.6854,23.3502,53.9644
22.7207,23.3705,53.9089
22.7383,23.3774,53.8844
22.6436,23.3531,54.0033
22.5754,23.3413,54.0833
22.5543,23.3364,54.1093
22.5726,23.345,54.0824
22.5475,23.3435,54.1091
22.536,23.3363,54.1277
22.5429,23.3362,54.1209
22.5879,23.3428,54.0693
22.5911,23.3612,54.0477
22.4916,23.3284,54.18
22.4632,23.3301,54.2066
22.4166,23.321,54.2624
22.4423,23.3277,54.23
22.4439,23.3333,54.2229
22.3801,23.324,54.2959
22.4006,23.3327,54.2667
22.4037,23.3354,54.2609
22.3517,23.3306,54.3178
22.3442,23.323,54.3328
22.319,23.3296,54.3514
22.2812,23.3155,54.4033
22.2308,23.3055,54.4637
22.1903,23.3043,54.5054
22.1967,23.3077,54.4956
22.2067,23.3161,54.4772
22.135,23.2913,54.5737
22.1334,23.2959,54.5707
22.1534,23.3032,54.5434
22.1239,23.2986,54.5776
22.0825,23.2878,54.6297
22.0628,23.2954,54.6418
22.0396,23.2891,54.6713
22.0115,23.2878,54.7007
22.0115,23.287,54.7015
21.9609,23.2724,54.7666
21.9514,23.2736,54.7751
21.9604,23.2787,54.7609
21.9615,23.2847,54.7537
21.9605,23.2846,54.7549
21.9319,23.2754,54.7927
21.9159,23.2804,54.8037
21.9201,23.2766,54.8033
21.839,23.2658,54.8951
21.7731,23.2575,54.9694
21.7686,23.2583,54.9731
21.7483,23.2576,54.9941
21.7194,23.2436,55.037
21.7498,23.2616,54.9886
21.7457,23.2649,54.9894
21.6391,23.2394,55.1216
21.639,23.2408,55.1202
21.6154,23.2436,55.141
21.5536,23.2256,55.2208
21.5197,23.2187,55.2616
21.4752,23.2091,55.3157
21.5298,23.2238,55.2463
21.4837,23.2149,55.3014
21.3903,23.1952,55.4145
21.3478,23.1847,55.4675
21.3182,23.1836,55.4981
21.3008,23.1845,55.5147
21.2711,23.1799,55.5489
21.2095,23.1719,55.6186
21.186,23.1651,55.6489
21.1356,23.1499,55.7145
21.0797,23.1468,55.7736
21.0914,23.1422,55.7664
21.015,23.1305,55.8545
20.9752,23.1213,55.9035
20.9497,23.1202,55.9301
20.925,23.1123,55.9627
20.8879,23.1112,56.0009
20.8174,23.1012,56.0813
20.7593,23.0843,56.1564
20.6967,23.0662,56.2371
20.6498,23.064,56.2862
20.5708,23.0538,56.3755
20.5697,23.0481,56.3822
20.4724,23.0396,56.4881
20.3729,23.0167,56.6104
20.3299,23.0094,56.6607
20.2668,23.0027,56.7305
20.2017,22.986,56.8123
20.1938,22.9828,56.8233
20.1491,22.9765,56.8745
20.1163,22.9654,56.9183
20.0594,22.9525,56.9881
20.0046,22.948,57.0475
19.9633,22.9436,57.0931
19.9486,22.9429,57.1085
19.9356,22.9387,57.1258
19.8599,22.9279,57.2122
19.8134,22.9108,57.2759
19.7825,22.9056,57.3119
19.7253,22.8971,57.3776
19.6669,22.8781,57.455
19.5638,22.8576,57.5786
23.0112,23.3129,53.6759
22.9646,23.2947,53.7407
22.8099,23.2685,53.9216
23.0374,23.3393,53.6233
22.8139,23.2667,53.9195
22.8053,23.2775,53.9172
22.8965,23.2948,53.8087
22.8919,23.2937,53.8144
22.8581,23.2825,53.8594
22.8509,23.2843,53.8648
22.8483,23.2902,53.8614
22.7915,23.2823,53.9263
22.8083,23.2854,53.9063
22.7698,23.2693,53.9609
22.7523,23.2704,53.9773
22.8272,23.2911,53.8817
22.7954,23.2798,53.9248
22.7614,23.2672,53.9714
22.747,23.2667,53.9862
22.6956,23.2465,54.0579
22.9724,23.3073,53.7203
23.2514,23.3789,53.3697
22.8153,23.2593,53.9254
23.209,23.364,53.427
23.5648,23.43,53.0053
23.1583,23.3498,53.492
23.2168,23.3603,53.4229
22.8941,23.29,53.816
22.8833,23.2842,53.8325
22.8335,23.2787,53.8878
23.3701,23.4019,53.2281
23.1415,23.3605,53.4979
22.68,23.2483,54.0717
22.7986,23.2804,53.921
22.6647,23.2575,54.0778
23.089,23.3698,53.5412
22.8215,23.2859,53.8925
22.5744,23.2363,54.1894
22.4763,23.211,54.3127
22.6386,23.2461,54.1153
22.4128,23.196,54.3913
22.6656,23.2529,54.0815
22.941,23.2942,53.7648
22.5046,23.1983,54.2971
22.7463,23.2646,53.9891
22.4422,23.1913,54.3665
22.5309,23.2167,54.2524
22.4962,23.2045,54.2993
22.7377,23.2598,54.0025
22.2427,23.147,54.6103
22.0849,23.0833,54.8318
21.9455,23.0593,54.9953
22.1164,23.1095,54.7741
22.4603,23.1868,54.3529
22.5733,23.2215,54.2052
22.062,23.0983,54.8396
23.2405,23.3396,53.4199
24.0714,23.5121,52.4165
23.3596,23.3604,53.28
22.5876,23.1993,54.2131
21.9842,23.0716,54.9442
21.6591,22.9721,55.3688
21.7705,23.0191,55.2104
21.9555,23.0571,54.9874
21.7319,23.0218,55.2463
21.9428,23.0144,55.0428
22.5345,23.1547,54.3109
23.9652,23.459,52.5758
23.2592,23.3241,53.4168
22.915,23.234,53.8509
22.153,23.0518,54.7952
22.2685,23.0668,54.6647
22.2706,23.094,54.6354
23.7101,23.398,52.8919
24.0014,23.4403,52.5583
23.6902,23.3835,52.9263
23.8469,23.4038,52.7493
24.0409,23.4403,52.5188
24.0012,23.4266,52.5722
23.8922,23.4111,52.6967
23.7945,23.3886,52.8169
23.6717,23.3644,52.9639
23.5947,23.3553,53.05
23.5388,23.3441,53.1171
23.4323,23.341,53.2267
23.4086,23.3399,53.2515
23.3653,23.341,53.2937
23.3327,23.3433,53.324
23.2759,23.3509,53.3732
23.2642,23.3612,53.3745
23.2445,23.3668,53.3887
23.2917,23.3762,53.3321
23.2781,23.388,53.3338
23.3238,23.4095,53.2667
23.2235,23.4027,53.3737
23.1475,23.3912,53.4614
23.061,23.3949,53.5441
22.9299,23.3924,53.6777
22.2729,23.243,54.4841
22.0039,23.1786,54.8174
22.2336,23.2393,54.5272
21.815,23.1477,55.0373
21.3975,23.031,55.5715
21.4034,23.0302,55.5665
22.2951,23.2592,54.4458
22.8863,23.3811,53.7326
21.747,23.1107,55.1423
23.2698,23.4879,53.2422
24.6914,23.7984,51.5102
23.516,23.5618,52.9222
22.5208,23.3418,54.1374
22.2782,23.2739,54.4479
21.7852,23.1534,55.0614
21.5532,23.1205,55.3262
21.7237,23.1783,55.0979
21.8049,23.1985,54.9966
21.8502,23.2136,54.9362
22.1715,23.2835,54.5451
22.3991,23.3195,54.2814
22.8514,23.4482,53.7003
22.2217,23.2993,54.479
22.1806,23.297,54.5223
21.6278,23.1516,55.2206
21.4308,23.1174,55.4517
21.4523,23.0895,55.4582
21.4026,23.1022,55.4952
21.2085,23.0622,55.7293
21.0196,23.0018,55.9785
21.0823,23.0274,55.8902
21.0296,23.0363,55.9341
20.8489,22.9828,56.1683
21.182,23.079,55.739
20.9779,23.0108,56.0113
20.9472,23.0083,56.0445
20.9488,22.9841,56.0671
20.8242,22.987,56.1888
21.2929,23.0932,55.6139
21.0367,23.041,55.9223
21.6188,23.2038,55.1774
21.1515,23.0825,55.7661
21.1153,23.0655,55.8191
21.244,23.1088,55.6473
21.0788,23.0486,55.8726
21.3858,23.1536,55.4606
21.0269,23.0812,55.8918
21.2078,23.0949,55.6972
20.9527,22.9873,56.06
20.7608,22.9729,56.2663
20.8844,23.0345,56.0811
20.8809,23.0369,56.0821
20.9752,23.0654,55.9594
20.8475,23.0471,56.1054
20.7696,23.0122,56.2182
20.7994,23.041,56.1597
20.8182,23.05,56.1318
20.7861,23.057,56.1568
20.723,23.0374,56.2396
20.6667,23.0113,56.322
20.5458,22.9529,56.5013
20.4184,22.9108,56.6708
20.4858,22.947,56.5672
20.4724,22.9495,56.5782
20.3611,22.9086,56.7303
20.3333,22.9182,56.7485
20.1555,22.8657,56.9788
20.4703,22.9382,56.5915
20.4302,22.9553,56.6145
20.0536,22.8555,57.091
20.0807,22.8788,57.0405
20.1381,22.9016,56.9603
20.0347,22.8585,57.1069
19.8501,22.7997,57.3502
19.7595,22.7717,57.4688
19.8275,22.7955,57.377
19.8129,22.7991,57.388
19.6942,22.7646,57.5412
19.7907,22.7641,57.4452
19.4872,22.6676,57.8452
19.417,22.6538,57.9291
19.4026,22.6451,57.9523
25.8122,24.4129,49.7749
22.2897,23.048,54.6622
23.1557,23.443,53.4013
22.077,22.968,54.9549
26.0569,24.5016,49.4415
26.2143,24.5762,49.2095
26.828,24.8003,48.3717
21.427,22.9403,55.6327
21.6051,23.0142,55.3807
21.7985,23.1073,55.0943
21.8985,23.1473,54.9542
21.8873,23.1365,54.9762
21.8374,23.0366,55.1261
21.7953,22.9856,55.2191
21.8832,23.0631,55.0537
21.9974,23.1585,54.8441
22.0148,23.1451,54.8401
22.0326,23.1482,54.8192
22.0008,23.1309,54.8683
21.9494,23.1175,54.9331
21.8422,23.0717,55.0861
21.7247,22.9588,55.3165
25.4805,24.2257,50.2938
29.0462,25.5109,45.4429
21.9018,23.0535,55.0447
22.0241,23.1622,54.8137
22.0757,23.1665,54.7578
22.1011,23.154,54.745
22.2306,23.2177,54.5517
22.2704,23.2379,54.4917
22.3022,23.2653,54.4325
22.2785,23.2529,54.4686
22.21,23.2262,54.5639
22.2131,23.2366,54.5503
22.1294,23.1897,54.6809
21.986,23.1287,54.8853
21.9098,23.1094,54.9809
21.9151,23.1466,54.9383
21.8841,23.1344,54.9815
21.8555,23.1305,55.014
21.9013,23.1752,54.9235
21.7911,23.1121,55.0968
21.6887,23.016,55.2952
21.6596,22.9894,55.3509
21.7901,23.1141,55.0958
21.8152,23.1467,55.0381
21.7679,23.1165,55.1156
21.6998,23.0996,55.2006
21.7243,23.1583,55.1175
21.6239,23.1525,55.2236
21.3484,23.0236,55.6281
20.962,22.8431,56.1949
21.5298,22.9409,55.5293
23.4697,23.6749,52.8555
21.8822,23.0683,55.0494
22.1735,23.2324,54.5941
21.1419,22.8761,55.982
20.2082,22.5526,57.2392
21.9564,23.1964,54.8471
26.5917,24.8481,48.5602
26.2121,24.723,49.065
24.6576,24.181,51.1614
21.8402,23.1874,54.9725
21.8885,23.2833,54.8282
20.736,22.8489,56.4151
21.7016,23.1811,55.1173
21.1391,23.0106,55.8503
21.1985,23.0362,55.7653
21.1442,22.9963,55.8595
21.1122,22.9976,55.8902
21.0554,22.9283,56.0162
20.9281,22.908,56.1638
20.9913,22.943,56.0656
21.0295,22.8785,56.092
21.1443,22.9095,55.9462
21.0268,22.9606,56.0126
21.0395,22.9695,55.9911
20.9828,22.9461,56.0711
20.9403,22.9297,56.1301
20.928,22.9248,56.1472
20.9513,22.9818,56.0669
20.9881,23.0113,56.0006
20.875,22.929,56.196
20.8402,22.8802,56.2796
20.7977,22.8447,56.3576
20.784,22.8004,56.4156
20.8238,22.8488,56.3274
20.9265,22.9612,56.1123
20.9753,22.9751,56.0496
20.9354,22.9319,56.1326
21.0449,23.015,55.9401
21.0147,22.9868,55.9985
20.9489,22.9476,56.1035
20.9227,22.9384,56.1389
20.8796,22.9285,56.1919
20.7919,22.8618,56.3463
20.8067,22.8619,56.3314
20.8266,22.8796,56.2938
20.8191,22.874,56.3069
20.8373,22.8948,56.2679
20.8889,22.9367,56.1744
20.8682,22.9137,56.2181
20.7835,22.8621,56.3544
20.7084,22.8089,56.4827
20.7527,22.7734,56.4739
20.6756,22.727,56.5974
20.7347,22.8454,56.4198
20.781,22.8938,56.3252
20.8055,22.9026,56.2919
20.7634,22.862,56.3746
20.7764,22.8761,56.3475
20.7898,22.8868,56.3234
20.7441,22.851,56.4049
20.739,22.8538,56.4071
20.7184,22.8249,56.4566
20.75,22.8621,56.388
20.7447,22.8868,56.3685
20.6935,22.8248,56.4817
20.7043,22.8451,56.4506
20.6628,22.7842,56.553
20.6425,22.7675,56.59
20.6384,22.7865,56.5751
20.6563,22.8242,56.5194
20.6669,22.8314,56.5018
20.6845,22.852,56.4635
20.6533,22.8369,56.5098
20.6268,22.822,56.5512
20.6553,22.8621,56.4826
20.6386,22.8439,56.5175
20.6034,22.822,56.5745
20.6288,22.8496,56.5216
20.6555,22.871,56.4736
20.6875,22.9033,56.4091
20.6892,22.921,56.3898
20.7226,22.9503,56.327
20.7216,22.9534,56.3249
20.6795,22.9321,56.3885
20.6598,22.9331,56.4071
20.5873,22.9126,56.5001
20.5529,22.9037,56.5434
20.5053,22.8897,56.6049
20.4544,22.8663,56.6793
20.424,22.8765,56.6995
20.3767,22.8531,56.7702
20.3514,22.8562,56.7924
20.3555,22.8653,56.7791
20.3824,22.889,56.7286
20.3171,22.8654,56.8175
20.2647,22.8432,56.8922
20.2121,22.8127,56.9752
20.2001,22.818,56.9819
20.1833,22.828,56.9887
20.1249,22.7841,57.091
20.0767,22.7809,57.1424
20.0058,22.7489,57.2453
19.877,22.677,57.4459
19.8549,22.6954,57.4497
19.8503,22.7063,57.4434
19.7844,22.6682,57.5474
19.7361,22.6561,57.6079
19.6674,22.6216,57.7111
19.6765,22.665,57.6585
19.59,22.6313,57.7788
19.5167,22.5992,57.8841
19.3973,22.5472,58.0555
19.3168,22.5004,58.1828
19.2463,22.4579,58.2958
19.2071,22.4413,58.3517
19.1301,22.4133,58.4566
19.1006,22.4182,58.4812
19.1001,22.4347,58.4652
19.0662,22.4179,58.5159
19.0215,22.3963,58.5822
19.009,22.4238,58.5672
18.9818,22.4153,58.6029
18.9756,22.4387,58.5856
18.9441,22.4212,58.6347
18.9312,22.4502,58.6186
18.8675,22.4195,58.713
18.8566,22.4229,58.7205
23.6565,23.3873,52.9562
23.6392,23.3808,52.9801
23.6057,23.3702,53.0241
23.5219,23.3576,53.1206
23.4907,23.349,53.1603
23.5181,23.3618,53.1201
23.5202,23.3648,53.115
23.5283,23.3658,53.1059
23.496,23.3635,53.1406
23.4898,23.3688,53.1415
23.4968,23.3691,53.1341
23.4728,23.3619,53.1653
23.4916,23.3717,53.1368
23.4761,23.3721,53.1518
23.518,23.3834,53.0986
23.4695,23.379,53.1515
23.4602,23.3765,53.1633
23.4359,23.3774,53.1867
23.4239,23.3787,53.1974
23.3736,23.3659,53.2606
23.3807,23.369,53.2503
23.4301,23.3865,53.1834
23.4401,23.3957,53.1642
23.4543,23.39,53.1558
23.4357,23.3856,53.1787
23.439,23.3899,53.1711
23.3725,23.3776,53.2499
23.3661,23.3684,53.2656
23.3748,23.3709,53.2543
23.3688,23.3762,53.255
23.351,23.377,53.2719
23.3314,23.3723,53.2962
23.3296,23.3726,53.2978
23.3358,23.3777,53.2864
23.2483,23.3553,53.3964
23.2114,23.3412,53.4474
23.2326,23.3518,53.4155
23.2218,23.3506,53.4276
23.2008,23.34,53.4592
23.2429,23.357,53.4001
23.2449,23.3613,53.3938
23.2144,23.3566,53.429
23.1797,23.344,53.4763
23.1799,23.3448,53.4753
23.1586,23.3401,53.5014
23.1786,23.3479,53.4735
23.1453,23.3435,53.5111
23.1229,23.3439,53.5332
23.1475,23.3465,53.506
23.1632,23.3558,53.481
23.1556,23.3508,53.4936
23.1052,23.3369,53.558
23.1105,23.3441,53.5454
23.1383,23.3468,53.5149
23.1333,23.3546,53.5121
23.1551,23.3578,53.487
23.1453,23.3622,53.4926
23.1347,23.3628,53.5025
23.1064,23.3525,53.5411
23.1006,23.3487,53.5507
23.0426,23.3361,53.6213
23.0874,23.3531,53.5595
23.0708,23.3398,53.5894
23.0644,23.3403,53.5953
23.0884,23.3571,53.5544
23.0317,23.3399,53.6284
23.0176,23.3358,53.6466
23.0434,23.3461,53.6105
23.0459,23.3497,53.6044
22.977,23.331,53.692
22.962,23.3372,53.7008
22.9518,23.3295,53.7187
22.9306,23.3274,53.742
22.9042,23.3227,53.7731
22.8963,23.3257,53.778
22.8466,23.3167,53.8367
22.8339,23.3013,53.8648
22.8003,23.3056,53.8941
22.7747,23.3171,53.9082
22.7537,23.2977,53.9486
22.7358,23.2971,53.9672
22.7351,23.3004,53.9644
22.6819,23.2847,54.0334
22.6729,23.2774,54.0497
22.766,23.2921,53.9419
22.9722,23.3524,53.6754
22.8366,23.3243,53.8391
22.707,23.3011,53.9919
22.7399,23.3171,53.943
22.71,23.3051,53.9849
22.5771,23.2768,54.1461
22.5833,23.2872,54.1294
22.5398,23.2829,54.1774
22.5318,23.2772,54.191
22.5282,23.2817,54.1901
22.5284,23.2769,54.1947
22.4918,23.2765,54.2317
22.4362,23.269,54.2948
22.3652,23.2532,54.3816
22.3301,23.2475,54.4224
22.8073,23.3423,53.8504
22.4667,23.2797,54.2536
22.4544,23.2801,54.2655
22.3173,23.2562,54.4265
22.3501,23.267,54.3829
22.4536,23.2943,54.2521
22.5316,23.2996,54.1688
22.5479,23.2969,54.1552
22.6151,23.3092,54.0757
22.5691,23.292,54.1389
22.5445,23.2876,54.1679
22.8144,23.3291,53.8565
23.1389,23.3912,53.47
22.8294,23.3345,53.8362
22.7433,23.3219,53.9348
22.4991,23.2803,54.2207
22.6376,23.3199,54.0425
22.8697,23.3698,53.7605
22.5812,23.3282,54.0906
22.253,23.2614,54.4856
22.1887,23.2437,54.5676
22.174,23.242,54.584
22.235,23.2508,54.5142
22.1355,23.235,54.6295
22.1773,23.2457,54.577
22.1541,23.237,54.609
22.1379,23.2446,54.6174
22.0972,23.2266,54.6762
22.0359,23.2229,54.7413
22.0187,23.2258,54.7555
21.9961,23.2208,54.7831
21.988,23.2189,54.7931
21.9454,23.2176,54.837
21.9015,23.2066,54.8919
21.8561,23.1967,54.9472
21.7975,23.1812,55.0213
21.8149,23.1964,54.9887
21.7797,23.1876,55.0327
21.7107,23.1688,55.1205
21.6843,23.1646,55.1511
21.6179,23.1456,55.2365
21.6111,23.1528,55.2361
21.6123,23.155,55.2326
21.5607,23.15,55.2892
21.5223,23.1419,55.3358
21.457,23.1132,55.4299
21.4596,23.1231,55.4173
21.4237,23.1185,55.4578
21.3991,23.1169,55.484
21.3573,23.1071,55.5357
21.3349,23.102,55.5631
21.3096,23.1002,55.5902
21.2889,23.1009,55.6102
21.2399,23.0874,55.6727
21.2961,23.1022,55.6017
21.1512,23.0603,55.7885
21.3583,23.1077,55.534
21.3186,23.095,55.5864
21.3308,23.093,55.5762
21.3398,23.094,55.5663
21.7607,23.1858,55.0535
21.6728,23.1505,55.1768
21.6166,23.1504,55.233
21.4916,23.1242,55.3842
21.4928,23.1269,55.3803
21.6352,23.1596,55.2052
21.6299,23.1633,55.2068
21.4774,23.1319,55.3908
21.558,23.1593,55.2828
21.5706,23.1655,55.2639
21.5469,23.1641,55.289
21.4379,23.1529,55.4092
21.3399,23.1374,55.5227
21.3003,23.1234,55.5763
21.1309,23.1019,55.7672
21.0831,23.1015,55.8154
20.8861,23.0583,56.0556
20.9082,23.0729,56.0189
20.8957,23.0685,56.0358
20.8326,23.0577,56.1097
23.0254,23.3345,53.6401
23.0019,23.32,53.6782
22.859,23.2291,53.9119
22.812,23.1984,53.9896
22.8246,23.2094,53.966
22.897,23.2631,53.8399
22.9569,23.3039,53.7393
22.8977,23.264,53.8383
22.8145,23.1885,53.997
22.8655,23.2582,53.8763
22.9212,23.3051,53.7738
22.8549,23.2662,53.8789
22.7477,23.1594,54.0929
22.6964,23.1457,54.1579
22.7915,23.218,53.9905
22.8905,23.2732,53.8362
22.9157,23.2977,53.7866
22.8968,23.2855,53.8177
22.8823,23.2747,53.8429
22.8588,23.2653,53.876
22.8407,23.2522,53.9072
22.8286,23.252,53.9194
22.8367,23.26,53.9033
22.8567,23.2651,53.8781
22.8663,23.2821,53.8515
22.7973,23.2374,53.9653
22.7709,23.2462,53.9829
22.8311,23.2713,53.8975
22.7999,23.2543,53.9458
22.7483,23.2116,54.0401
22.7749,23.2549,53.9702
22.729,23.2305,54.0404
22.7384,23.2438,54.0178
22.6694,23.201,54.1296
22.7337,23.2272,54.039
22.6796,23.2084,54.1119
22.7293,23.2536,54.0171
22.6995,23.2343,54.0663
22.6073,23.1837,54.209
22.6127,23.1986,54.1887
22.6118,23.216,54.1722
22.6124,23.2165,54.1711
22.5803,23.1835,54.2362
22.613,23.2256,54.1614
22.607,23.2104,54.1827
22.5822,23.1947,54.2232
22.5861,23.1963,54.2176
22.5403,23.1769,54.2828
22.5133,23.1524,54.3343
22.5004,23.1594,54.3402
22.504,23.1619,54.3341
22.5383,23.1937,54.268
22.542,23.2035,54.2545
22.607,23.2548,54.1381
22.5812,23.2356,54.1831
22.6676,23.3009,54.0315
22.7329,23.3203,53.9468
22.667,23.2786,54.0544
22.6811,23.3008,54.0181
22.617,23.2661,54.1169
22.655,23.2872,54.0578
22.6429,23.2847,54.0724
22.62,23.2869,54.0931
22.5868,23.2707,54.1425
22.5782,23.2807,54.1411
22.5971,23.2933,54.1096
22.5613,23.277,54.1617
22.5038,23.2605,54.2357
22.5245,23.271,54.2045
22.4665,23.2425,54.2911
22.4235,23.2227,54.3538
22.4795,23.2608,54.2597
22.4378,23.2437,54.3184
22.4383,23.2416,54.3201
22.4642,23.2583,54.2775
22.435,23.2476,54.3174
22.4049,23.243,54.3521
22.3611,23.2266,54.4123
22.3531,23.2335,54.4135
22.3189,23.2115,54.4696
22.3331,23.232,54.4349
22.3687,23.2579,54.3735
22.3407,23.2491,54.4102
22.3521,23.2601,54.3877
22.3761,23.2688,54.3551
22.4065,23.2929,54.3006
22.38,23.2836,54.3365
22.379,23.2814,54.3396
22.3712,23.2915,54.3373
22.3751,23.288,54.3369
22.3407,23.2767,54.3826
22.2897,23.2698,54.4405
22.2693,23.2574,54.4733
22.2685,23.2645,54.467
22.1996,23.2467,54.5538
22.2157,23.2703,54.514
22.154,23.2497,54.5962
22.0892,23.2162,54.6945
22.0641,23.211,54.7249
22.0419,23.2128,54.7452
22.0036,23.1905,54.8058
21.9525,23.1706,54.8769
21.9224,23.1679,54.9097
21.9268,23.1834,54.8898
21.9534,23.2048,54.8419
21.9817,23.2264,54.7919
21.9404,23.2151,54.8444
21.8767,23.1885,54.9348
21.8246,23.1724,55.003
21.8352,23.1844,54.9803
21.8328,23.1808,54.9864
21.7786,23.1652,55.0561
21.7646,23.1602,55.0752
21.7241,23.1543,55.1216
21.6304,23.108,55.2616
21.5772,23.0786,55.3442
21.5487,23.0705,55.3808
21.4992,23.0675,55.4333
21.4561,23.0466,55.4973
21.3968,23.0243,55.5789
21.3902,23.0292,55.5806
21.3728,23.0348,55.5925
21.3246,23.0254,55.6501
21.2934,23.015,55.6916
21.2883,23.0214,55.6903
21.2376,22.9925,55.7699
21.1979,22.9853,55.8168
21.201,22.9969,55.8021
21.1918,22.9964,55.8117
21.1523,22.9794,55.8683
21.1295,22.9931,55.8774
21.0864,22.992,55.9216
21.0336,22.9661,56.0003
20.9303,22.9053,56.1643
20.8548,22.8099,56.3353
20.798,22.8156,56.3864
20.7613,22.8048,56.4339
20.7228,22.7828,56.4945
20.6919,22.7728,56.5353
20.7058,22.8217,56.4725
20.6667,22.8185,56.5149
20.621,22.801,56.578
20.5618,22.7557,56.6825
20.5205,22.7389,56.7406
20.4969,22.7172,56.7859
20.4491,22.6876,56.8634
20.4426,22.6984,56.859
20.4427,22.7065,56.8508
20.4761,22.7551,56.7688
20.4333,22.7465,56.8203
20.4552,22.7849,56.7599
20.4641,22.7906,56.7453
20.4739,22.8201,56.706
20.4455,22.8042,56.7504
20.4046,22.7995,56.7959
20.4093,22.8242,56.7665
20.3865,22.8342,56.7792
20.3348,22.8125,56.8527
20.2949,22.8054,56.8996
20.2342,22.7713,56.9945
20.2156,22.7736,57.0108
20.1999,22.7887,57.0114
20.1776,22.7792,57.0433
20.1507,22.7827,57.0666
20.1509,22.7872,57.0619
20.1631,22.8019,57.035
20.1395,22.8064,57.0541
20.1266,22.822,57.0514
20.0879,22.8024,57.1097
20.1088,22.8346,57.0566
20.0982,22.8442,57.0576
20.0939,22.8555,57.0506
20.0719,22.8522,57.0759
20.0539,22.855,57.0911
20.0252,22.8468,57.128
20.0105,22.8483,57.1411
19.9412,22.8268,57.2319
19.879,22.8061,57.3149
19.83,22.7858,57.3842
19.7574,22.7529,57.4897
23.2708,23.3586,53.3706
23.4207,23.3915,53.1878
23.0867,23.3307,53.5826
22.9871,23.3135,53.6994
22.8299,23.2813,53.8889
22.901,23.305,53.794
23.042,23.3438,53.6141
22.9293,23.306,53.7648
23.0871,23.3397,53.5733
22.8129,23.2717,53.9154
23.1303,23.3563,53.5134
22.9326,23.2989,53.7685
23.0472,23.3261,53.6267
23.0144,23.3178,53.6678
23.2802,23.3693,53.3504
23.3073,23.3912,53.3015
22.9019,23.2844,53.8137
22.9508,23.2996,53.7496
22.9485,23.296,53.7555
23.0847,23.3324,53.5829
23.1551,23.3411,53.5038
23.1153,23.3287,53.556
23.1307,23.3319,53.5374
23.0729,23.316,53.6111
22.9896,23.314,53.6964
23.0295,23.3193,53.6511
23.0465,23.3249,53.6286
22.9489,23.3056,53.7454
22.8177,23.2833,53.899
22.7629,23.2701,53.967
22.817,23.2819,53.9011
22.821,23.2837,53.8953
22.8808,23.2886,53.8306
22.8503,23.2913,53.8585
22.8743,23.2907,53.835
22.906,23.2992,53.7948
22.908,23.3002,53.7918
22.9308,23.3149,53.7543
22.7829,23.2908,53.9263
22.7138,23.2793,54.0069
22.7015,23.2748,54.0237
22.5628,23.2387,54.1984
22.5112,23.2338,54.255
22.6414,23.2667,54.092
22.5981,23.2562,54.1457
22.604,23.2599,54.1362
22.6359,23.271,54.093
22.622,23.2552,54.1228
22.489,23.2337,54.2774
22.5519,23.2569,54.1912
22.4221,23.2192,54.3587
22.4314,23.235,54.3336
22.5442,23.272,54.1838
22.5785,23.284,54.1375
22.4446,23.2479,54.3075
22.2837,23.2079,54.5084
22.4644,23.25,54.2856
22.3464,23.2159,54.4377
22.4423,23.2302,54.3275
22.7755,23.3155,53.909
22.4872,23.2431,54.2698
22.5708,23.2659,54.1632
22.5294,23.2558,54.2148
22.7826,23.32,53.8974
22.8895,23.3468,53.7637
22.8128,23.3158,53.8714
22.6892,23.2791,54.0318
22.7661,23.2998,53.9341
22.5545,23.2537,54.1918
22.6301,23.2814,54.0885
22.7541,23.3025,53.9434
22.8461,23.3298,53.824
22.9354,23.3428,53.7218
22.9803,23.348,53.6717
23.0395,23.3477,53.6128
23.4078,23.4129,53.1793
23.1889,23.3751,53.436
22.7856,23.2923,53.9221
22.8982,23.3353,53.7665
22.7882,23.3129,53.899
22.7271,23.3107,53.9622
22.6716,23.3006,54.0278
22.6464,23.3022,54.0514
22.5433,23.2752,54.1814
22.6824,23.3173,54.0002
22.552,23.2867,54.1613
22.603,23.2937,54.1033
22.5111,23.2837,54.2052
22.5504,23.2961,54.1535
22.4052,23.2636,54.3312
22.5528,23.3001,54.1471
22.4582,23.2896,54.2522
22.3639,23.2809,54.3552
22.3949,23.2984,54.3067
22.2917,23.2609,54.4473
22.3164,23.2626,54.421
22.2423,23.2529,54.5048
22.2649,23.26,54.4751
22.1678,23.2207,54.6116
22.245,23.2571,54.4979
22.4016,23.2998,54.2987
21.9869,23.1985,54.8146
22.1632,23.2489,54.5879
22.2155,23.261,54.5235
22.1563,23.2415,54.6022
22.2644,23.2706,54.465
22.3656,23.3154,54.3191
22.3668,23.3046,54.3287
22.2181,23.2548,54.5271
22.2252,23.2778,54.4971
22.2043,23.2754,54.5202
22.2533,23.2786,54.4681
22.2751,23.2903,54.4345
22.1477,23.2413,54.611
22.1345,23.267,54.5984
22.3159,23.2999,54.3841
22.1013,23.242,54.6567
21.922,23.2034,54.8745
21.9314,23.2088,54.8598
21.8753,23.2082,54.9165
22.0357,23.2631,54.7012
21.908,23.2288,54.8632
21.8058,23.2022,54.992
21.9244,23.2455,54.8301
21.9204,23.2519,54.8277
21.8876,23.2608,54.8515
21.8872,23.2637,54.8491
21.8023,23.241,54.9567
21.8191,23.249,54.932
21.8852,23.2821,54.8327
21.7351,23.2334,55.0315
21.5646,23.1573,55.2781
21.3311,23.0761,55.5928
21.1943,23.0348,55.7709
21.1304,22.9897,55.8799
21.1911,23.0343,55.7746
21.2901,23.0979,55.612
21.3105,23.1037,55.5858
21.337,23.1481,55.5149
21.4284,23.1644,55.4071
21.3187,23.1084,55.5729
21.2091,23.0543,55.7367
21.1488,23.0458,55.8054
21.1588,23.0495,55.7917
21.1054,23.046,55.8486
21.1164,23.0738,55.8098
21.0307,23.0472,55.9221
21.1385,23.0938,55.7677
21.2494,23.147,55.6036
21.2382,23.1574,55.6044
21.2372,23.1807,55.5821
21.1543,23.1498,55.6959
21.099,23.1399,55.7611
21.0751,23.1345,55.7904
21.0756,23.1405,55.784
20.9238,23.0835,55.9926
20.8906,23.0684,56.041
20.9265,23.0994,55.9742
20.8663,23.0638,56.0698
20.7939,23.0481,56.1581
20.8159,23.0712,56.1129
20.8345,23.0822,56.0833
20.8196,23.0881,56.0923
20.7898,23.0766,56.1336
20.702,23.0509,56.247
20.6286,23.0405,56.3309
20.5753,23.0003,56.4243
20.5608,23.0046,56.4346
20.5977,23.0343,56.368
20.5585,23.026,56.4155
20.5693,23.0398,56.3909
20.5301,23.0312,56.4387
20.5774,23.0536,56.369
20.6108,23.0734,56.3158
20.6209,23.0839,56.2952
20.5696,23.063,56.3674
20.4512,23.0187,56.5301
20.438,23.0119,56.5502
20.352,22.9644,56.6836
20.354,22.9621,56.6839
23.5473,23.4517,53.001
29.2545,24.4154,46.33
23.8043,23.5041,52.6916
24.1544,23.5863,52.2593
24.1382,23.573,52.2888
24.1399,23.5652,52.2949
24.0784,23.5442,52.3774
24.141,23.57,52.289
24.1209,23.5613,52.3178
24.0927,23.5641,52.3432
24.1022,23.561,52.3369
24.0891,23.5592,52.3517
23.8523,23.5031,52.6446
23.9052,23.4822,52.6126
24.5342,23.6632,51.8025
23.9462,23.5348,52.519
25.7149,23.8679,50.4172
24.4886,23.6407,51.8707
23.9128,23.5328,52.5544
23.9837,23.5433,52.473
24.0411,23.5593,52.3995
24.0793,23.561,52.3597
24.1067,23.5692,52.3241
24.108,23.5731,52.319
24.07,23.5693,52.3606
24.0636,23.5599,52.3765
24.0404,23.5553,52.4042
24.0467,23.5649,52.3884
23.9642,23.5466,52.4892
23.9423,23.5433,52.5143
23.9389,23.5544,52.5067
23.9118,23.5515,52.5367
23.8678,23.5432,52.5889
23.9364,23.5187,52.5449
23.657,23.5,52.843
23.7985,23.5195,52.682
24.0227,23.5781,52.3992
23.8811,23.5469,52.572
23.7689,23.5104,52.7206
23.9273,23.5609,52.5117
23.9067,23.5623,52.5311
23.9403,23.5703,52.4894
23.8969,23.5742,52.5289
23.9061,23.5791,52.5148
23.8778,23.5729,52.5493
23.8582,23.5726,52.5692
23.795,23.5498,52.6552
23.6711,23.5131,52.8157
23.9564,23.6055,52.4382
23.8552,23.5741,52.5708
23.5959,23.4919,52.9122
23.7635,23.5575,52.679
23.6964,23.5283,52.7753
23.7411,23.555,52.7039
23.5814,23.5233,52.8952
23.5402,23.5195,52.9403
23.535,23.5308,52.9342
23.4557,23.5107,53.0336
23.5865,23.551,52.8626
23.3516,23.4943,53.154
23.5221,23.5344,52.9435
23.5925,23.5619,52.8456
23.5469,23.5526,52.9005
23.468,23.5288,53.0031
23.5145,23.5368,52.9488
23.6515,23.5725,52.776
23.6495,23.568,52.7825
23.6768,23.5787,52.7445
23.6493,23.5754,52.7753
23.5608,23.5412,52.898
23.5915,23.556,52.8525
23.6151,23.5609,52.824
23.6215,23.5591,52.8194
23.5841,23.5486,52.8674
23.5014,23.5312,52.9674
23.3541,23.4991,53.1468
28.4172,24.5788,47.0039
27.8934,24.4461,47.6605
29.0988,24.5642,46.337
23.01,23.4551,53.5349
23.3687,23.5558,53.0755
29.9736,24.6887,45.3376
29.9042,24.7519,45.344
23.0373,23.3605,53.6022
23.2871,23.5276,53.1854
23.2318,23.4937,53.2745
23.1859,23.4766,53.3375
23.3153,23.5276,53.1571
23.1316,23.4802,53.3882
30.2393,24.8854,44.8753
28.8593,24.5288,46.6119
28.5352,24.4886,46.9761
27.423,24.4336,48.1434
28.4692,24.5963,46.9345
29.5826,24.6622,45.7552
27.2952,24.3434,48.3614
22.5302,23.3226,54.1472
28.4631,24.4808,47.0562
22.7892,23.4356,53.7753
23.1645,23.5255,53.31
23.158,23.529,53.3131
25.4206,23.9952,50.5842
22.6879,23.4202,53.8919
28.4764,24.5605,46.9631
28.9311,24.6127,46.4563
22.7419,23.4189,53.8392
22.8748,23.4938,53.6313
22.9462,23.5015,53.5523
22.9667,23.5057,53.5276
23.013,23.5229,53.4641
23.0897,23.5511,53.3592
22.9161,23.4954,53.5885
23.5826,23.6058,52.8116
28.8916,24.6476,46.4608
22.5661,23.3854,54.0485
23.8424,23.7472,52.4105
22.71,23.4637,53.8263
23.07,23.5547,53.3753
23.1052,23.5479,53.3469
23.1583,23.5508,53.2909
23.2014,23.5631,53.2355
23.1672,23.5542,53.2786
23.0291,23.5027,53.4681
22.9959,23.5009,53.5031
23.1254,23.5646,53.31
23.0847,23.5485,53.3668
22.8899,23.4804,53.6298
23.0336,23.5523,53.4141
22.9982,23.541,53.4608
22.9657,23.5396,53.4947
22.9105,23.5355,53.554
22.9036,23.5356,53.5608
22.7888,23.5012,53.71
30.0271,24.9332,45.0397
22.946,23.5058,53.5481
22.8203,23.5215,53.6582
22.8818,23.539,53.5792
22.8703,23.525,53.6047
22.8377,23.5197,53.6427
22.8186,23.5159,53.6655
22.8774,23.548,53.5746
22.8575,23.5399,53.6027
22.8389,23.534,53.6271
22.715,23.4895,53.7956
22.7796,23.5317,53.6886
22.7896,23.5348,53.6756
22.7642,23.531,53.7048
22.7343,23.5308,53.735
22.5445,23.4698,53.9858
22.3207,23.3712,54.3081
22.652,23.5277,53.8204
22.7014,23.5429,53.7557
22.6919,23.5371,53.771
22.7187,23.5471,53.7343
22.6317,23.5232,53.8451
22.6475,23.536,53.8165
22.6519,23.5466,53.8014
22.6651,23.539,53.796
22.6247,23.546,53.8293
22.5973,23.5431,53.8596
22.5849,23.5443,53.8708
22.5829,23.5353,53.8818
22.5526,23.5348,53.9127
22.4935,23.5194,53.987
22.515,23.5338,53.9511
22.4232,23.4955,54.0813
22.4758,23.5305,53.9937
22.4511,23.5319,54.0171
22.4236,23.5227,54.0536
22.4777,23.5491,53.9733
22.4205,23.5401,54.0394
22.3767,23.5314,54.0919
22.4619,23.5661,53.972
22.2964,23.5144,54.1892
22.2715,23.5154,54.213
22.2969,23.5381,54.1651
22.2274,23.5193,54.2533
22.0513,23.4627,54.486
22.0358,23.473,54.4912
22.0322,23.489,54.4788
23.8792,23.4737,52.647
24.0711,23.5389,52.39
23.8996,23.4897,52.6107
23.8898,23.487,52.6232
23.9555,23.5122,52.5323
23.8089,23.4628,52.7283
23.8951,23.487,52.618
23.9762,23.5234,52.5004
23.8299,23.4776,52.6925
23.8458,23.4794,52.6747
23.8387,23.4783,52.683
23.8857,23.4951,52.6191
23.8865,23.4939,52.6196
23.9366,23.5056,52.5579
24.0501,23.5366,52.4133
23.7579,23.4498,52.7924
23.7859,23.4561,52.7581
23.8581,23.48,52.6619
23.8885,23.4831,52.6284
23.9142,23.4855,52.6003
23.8724,23.4727,52.6549
23.9105,23.4861,52.6033
23.9561,23.5034,52.5405
23.9244,23.4992,52.5765
23.8825,23.4939,52.6236
23.8417,23.4809,52.6773
23.8759,23.4912,52.6329
23.8475,23.4854,52.6671
23.8542,23.4925,52.6533
23.9036,23.4995,52.5969
23.8783,23.5033,52.6185
23.8792,23.502,52.6188
23.8035,23.4759,52.7206
23.7529,23.4617,52.7854
23.7035,23.4463,52.8502
23.6625,23.4348,52.9027
23.6812,23.4527,52.8661
23.7272,23.4675,52.8052
23.7765,23.4866,52.7369
23.8316,23.5077,52.6607
23.8015,23.4986,52.7
23.6961,23.4541,52.8498
23.6843,23.4581,52.8576
23.7176,23.4699,52.8125
23.8,23.4929,52.7071
23.7656,23.4873,52.7471
23.7804,23.4909,52.7287
23.7444,23.4809,52.7747
23.6952,23.4678,52.837
23.6478,23.4566,52.8956
23.6355,23.4506,52.9139
23.711,23.4745,52.8145
23.8135,23.5054,52.6811
23.8065,23.5122,52.6814
23.8152,23.5175,52.6674
23.8077,23.5229,52.6693
23.7334,23.4913,52.7752
23.708,23.484,52.808
23.7172,23.4977,52.7851
23.7071,23.4835,52.8094
23.6236,23.4619,52.9145
23.6765,23.4812,52.8423
23.6525,23.4842,52.8632
23.6886,23.5041,52.8073
23.8392,23.5641,52.5967
23.6947,23.5231,52.7821
23.3368,23.391,53.2722
23.4798,23.4495,53.0707
23.3831,23.41,53.2069
23.3356,23.3925,53.2719
23.4468,23.4316,53.1215
23.5252,23.466,53.0088
23.4128,23.4277,53.1595
23.3118,23.3875,53.3007
23.3464,23.4065,53.2471
23.397,23.4295,53.1735
23.4556,23.4596,53.0848
23.3941,23.4483,53.1576
23.3366,23.4318,53.2316
23.2195,23.3984,53.3821
23.1617,23.3736,53.4647
23.1163,23.3618,53.522
23.1662,23.3873,53.4465
23.2559,23.427,53.317
23.3651,23.4618,53.1731
23.3911,23.4776,53.1312
23.2631,23.4404,53.2965
23.3065,23.4549,53.2386
23.3117,23.4699,53.2184
23.2301,23.4348,53.3351
23.2311,23.442,53.3269
23.1883,23.4335,53.3782
23.2632,23.4628,53.274
23.2804,23.4784,53.2412
23.2645,23.4638,53.2717
23.1638,23.4365,53.3997
23.0136,23.3881,53.5983
22.897,23.3472,53.7559
22.9127,23.356,53.7312
22.8521,23.342,53.8059
22.832,23.345,53.823
22.7268,23.2967,53.9765
22.7799,23.3282,53.8919
22.8821,23.3678,53.7501
22.9238,23.3853,53.691
22.9985,23.425,53.5766
23.0723,23.4565,53.4712
22.9164,23.3877,53.6959
22.9063,23.3986,53.695
22.8856,23.4053,53.7091
22.9346,23.4194,53.646
22.8229,23.3688,53.8083
22.8069,23.3717,53.8214
22.771,23.3594,53.8696
22.6686,23.3159,54.0155
22.6079,23.2937,54.0984
22.5477,23.2812,54.1711
22.59,23.3183,54.0917
22.5901,23.3352,54.0747
22.5195,23.291,54.1896
22.5126,23.2904,54.197
22.5576,23.3114,54.1309
22.4839,23.2765,54.2396
22.5059,23.2948,54.1993
22.434,23.2618,54.3042
22.449,23.2791,54.272
22.488,23.3366,54.1754
22.4627,23.318,54.2193
22.3895,23.2852,54.3253
22.446,23.3051,54.2489
22.4855,23.3375,54.177
22.4663,23.3305,54.2032
22.4752,23.3436,54.1812
22.515,23.394,54.091
22.5636,23.433,54.0034
22.5741,23.4433,53.9826
22.4691,23.3982,54.1327
22.3896,23.3709,54.2395
22.2736,23.3234,54.403
22.143,23.2645,54.5925
22.0183,23.1978,54.7839
22.0151,23.2052,54.7797
22.0654,23.2478,54.6868
22.085,23.2591,54.6558
22.1245,23.2931,54.5824
22.1237,23.3008,54.5756
22.0218,23.251,54.7272
21.997,23.2574,54.7456
22.009,23.2549,54.7361
21.9679,23.254,54.7781
22.0584,23.3187,54.6229
22.0871,23.332,54.581
21.9616,23.2822,54.7561
21.955,23.2903,54.7547
21.9284,23.2731,54.7986
21.892,23.2622,54.8459
21.7427,23.1975,55.0598
21.7003,23.178,55.1217
21.6777,23.1725,55.1498
21.9129,23.3085,54.7786
21.7463,23.2344,55.0192
21.6652,23.2225,55.1123
21.589,23.1889,55.2221
21.4588,23.1238,55.4175
21.5914,23.2205,55.1882
21.6569,23.2771,55.066
21.5369,23.2213,55.2417
21.4237,23.1701,55.4062
21.3232,23.1295,55.5474
21.1161,23.013,55.871
21.1056,23.0364,55.858
21.1151,23.0498,55.8351
21.1267,23.0692,55.8041
21.1575,23.1051,55.7374
21.1262,23.0844,55.7894
21.0217,23.0388,55.9395
20.9383,23.0055,56.0562
20.8794,22.9859,56.1347
20.8029,22.9533,56.2439
20.8789,23.0288,56.0922
23.6407,23.4309,52.9284
23.7505,23.447,52.8025
