20.1162,22.9809,56.9029
20.0785,22.9661,56.9554
20.0928,22.9722,56.935
20.2071,23.0093,56.7836
20.162,22.9902,56.8478
20.1659,22.9878,56.8463
20.1791,22.9945,56.8264
20.1819,22.9933,56.8249
20.0097,22.9315,57.0588
20.1387,22.9836,56.8777
20.1333,22.9774,56.8893
20.1984,23.0009,56.8007
20.2207,23.0079,56.7713
20.1981,22.9937,56.8082
20.1959,22.9916,56.8125
20.2281,22.9972,56.7748
20.217,22.995,56.788
20.2479,23.0091,56.7429
20.2773,23.0148,56.7079
20.2513,23.0104,56.7382
20.1872,22.9811,56.8317
20.2803,23.0263,56.6935
20.1462,22.9736,56.8803
20.2375,23.0059,56.7567
20.2468,23.0027,56.7505
20.2062,22.9881,56.8058
20.3491,23.0327,56.6182
20.2722,23.0072,56.7206
20.2733,23.0104,56.7163
20.1976,22.9846,56.8178
20.3094,23.023,56.6676
20.2276,22.9843,56.7881
20.2673,22.9999,56.7328
20.2506,22.9953,56.7541
20.3208,23.0196,56.6596
20.246,22.9986,56.7554
20.2894,23.006,56.7046
20.329,23.024,56.647
20.3222,23.0139,56.6638
20.322,23.0133,56.6648
20.3841,23.0264,56.5895
20.4032,23.0305,56.5662
20.3791,23.0235,56.5974
20.3226,23.0084,56.6691
20.3316,23.0143,56.6541
20.2998,23.0015,56.6987
20.4142,23.0447,56.5411
20.2688,22.9867,56.7445
20.355,23.0209,56.6241
20.3862,23.0341,56.5797
20.3465,23.0246,56.6289
20.3265,23.0176,56.6558
20.3285,23.0129,56.6586
20.3093,23.0006,56.69
20.2636,22.9969,56.7395
20.3269,23.0116,56.6615
20.357,23.0224,56.6207
20.3874,23.0299,56.5827
20.3138,23.0139,56.6723
20.3529,23.0257,56.6214
20.3217,23.0152,56.6631
20.2223,22.982,56.7957
20.2694,23.0052,56.7254
20.2666,23.0009,56.7325
20.2504,22.9939,56.7556
20.2292,22.987,56.7839
20.3113,23.012,56.6767
20.28,23.0017,56.7182
20.3371,23.0245,56.6383
20.3347,23.0181,56.6472
20.295,23.0091,56.6959
20.3165,23.0191,56.6644
20.2815,23.0116,56.7069
20.2505,23.0051,56.7444
20.253,23.012,56.735
20.2334,22.9982,56.7684
20.2155,22.9958,56.7887
20.231,22.9974,56.7715
20.2379,23.007,56.7551
20.2791,23.0222,56.6986
20.1955,22.9941,56.8105
20.199,23.0019,56.7991
20.2231,23.0136,56.7633
20.1891,22.9949,56.816
20.1713,22.9868,56.842
20.2141,23.0038,56.7821
20.2102,23.0045,56.7853
20.2369,23.0068,56.7563
20.2265,23.0062,56.7673
20.211,23.0062,56.7828
20.1119,22.979,56.9091
20.1007,22.9812,56.9181
20.0488,22.9626,56.9885
20.0351,22.962,57.0029
20.0441,22.9638,56.9921
20.04,22.9618,56.9982
20.0258,22.9571,57.0171
20.022,22.9604,57.0176
20.01,22.9585,57.0315
20.0353,22.9674,56.9972
19.9181,22.9352,57.1468
19.8898,22.9276,57.1826
19.8803,22.926,57.1937
19.8862,22.9272,57.1866
19.9459,22.9518,57.1022
19.9446,22.9425,57.1128
19.9259,22.9422,57.1319
19.9894,22.9652,57.0454
19.9822,22.9632,57.0546
19.976,22.9629,57.0611
19.8908,22.9397,57.1695
19.939,22.9563,57.1047
19.9514,22.9625,57.0861
19.9767,22.9641,57.0592
19.9685,22.963,57.0685
19.947,22.9578,57.0952
19.9554,22.96,57.0846
19.9478,22.9599,57.0922
19.9403,22.9545,57.1053
19.8611,22.9314,57.2075
19.841,22.926,57.233
19.8606,22.9359,57.2035
19.8544,22.932,57.2136
19.85,22.9378,57.2122
19.8522,22.9427,57.2051
19.8218,22.9259,57.2523
19.8277,22.9293,57.243
19.8537,22.9425,57.2038
19.8355,22.9387,57.2258
19.8523,22.9375,57.2102
19.8067,22.9315,57.2618
19.7899,22.9298,57.2802
19.7858,22.9283,57.2859
19.744,22.914,57.3421
19.7305,22.9205,57.349
19.7115,22.9083,57.3801
19.6922,22.9082,57.3997
19.6955,22.9127,57.3918
19.7021,22.9124,57.3855
19.7084,22.9198,57.3718
19.7155,22.9244,57.3601
19.7217,22.9312,57.3472
19.7235,22.9344,57.3422
19.7136,22.9366,57.3498
19.6904,22.9323,57.3774
19.6465,22.9188,57.4347
19.5717,22.9025,57.5258
19.5402,22.8874,57.5724
19.5177,22.8878,57.5944
19.4924,22.8813,57.6264
19.453,22.8711,57.6758
19.4327,22.8674,57.7
19.4091,22.8653,57.7256
19.4181,22.872,57.7099
19.3797,22.8535,57.7668
19.3686,22.8497,57.7817
19.3868,22.8672,57.746
19.391,22.8607,57.7483
19.396,22.8656,57.7384
19.3939,22.8713,57.7349
19.3596,22.8622,57.7782
19.307,22.8462,57.8468
19.2869,22.8395,57.8736
19.2583,22.8379,57.9038
19.2227,22.8333,57.944
19.164,22.8149,58.0211
19.1086,22.7998,58.0916
19.0877,22.7991,58.1131
19.0616,22.7898,58.1486
19.0519,22.7983,58.1498
19.0278,22.7951,58.1771
19.0043,22.7903,58.2055
19.0001,22.7956,58.2043
18.9855,22.7863,58.2282
18.9667,22.7837,58.2496
18.9159,22.7794,58.3047
18.8298,22.7565,58.4137
18.8081,22.7468,58.4451
18.7952,22.7429,58.4619
18.7667,22.7459,58.4874
20.3978,23.07,56.5322
20.3445,23.0527,56.6028
20.2601,23.0267,56.7132
20.3583,23.0537,56.588
20.3723,23.0527,56.5751
20.39,23.0613,56.5488
20.3875,23.0605,56.552
20.3982,23.0639,56.5378
20.3754,23.0544,56.5702
20.3919,23.0532,56.5548
20.4239,23.066,56.5102
20.4194,23.0648,56.5158
20.3971,23.0613,56.5415
20.3175,23.0378,56.6448
20.3468,23.054,56.5992
20.403,23.0711,56.526
20.3117,23.0413,56.6469
20.3655,23.0558,56.5787
20.3975,23.065,56.5374
20.3691,23.0629,56.568
20.4314,23.0808,56.4878
20.3869,23.0704,56.5426
20.3788,23.0676,56.5536
20.323,23.0553,56.6216
20.3363,23.0557,56.608
20.3509,23.0597,56.5893
20.3956,23.0747,56.5297
20.371,23.0642,56.5648
20.4432,23.0833,56.4735
20.4179,23.0693,56.5128
20.4131,23.0724,56.5145
20.3932,23.065,56.5418
20.4595,23.0843,56.4562
20.5052,23.0919,56.4028
20.5722,23.107,56.3209
20.5364,23.0963,56.3673
20.5436,23.1018,56.3546
20.5991,23.1145,56.2864
20.5363,23.094,56.3696
20.5925,23.1086,56.299
20.6323,23.1224,56.2453
20.5994,23.116,56.2846
20.6155,23.1182,56.2663
20.6387,23.118,56.2433
20.6544,23.1246,56.221
20.6377,23.1177,56.2446
20.6494,23.1238,56.2269
20.6189,23.1149,56.2662
20.6787,23.1311,56.1902
20.6399,23.1212,56.2389
20.7333,23.1485,56.1182
20.6796,23.1388,56.1816
20.6954,23.1427,56.1619
20.7276,23.1446,56.1278
20.704,23.1406,56.1553
20.6599,23.1366,56.2035
20.6462,23.1278,56.226
20.6296,23.1264,56.244
20.6748,23.1387,56.1865
20.6829,23.144,56.1731
20.6324,23.1356,56.232
20.6595,23.1389,56.2016
20.6249,23.1305,56.2446
20.6228,23.1292,56.248
20.5857,23.1172,56.2971
20.6001,23.1265,56.2734
20.603,23.1269,56.2702
20.6871,23.145,56.1679
20.7609,23.1634,56.0758
20.7459,23.158,56.0961
20.7365,23.1543,56.1092
20.7183,23.1503,56.1314
20.6896,23.1421,56.1683
20.6876,23.1498,56.1626
20.682,23.144,56.1739
20.6797,23.1492,56.1711
20.6382,23.1376,56.2242
20.6279,23.1334,56.2388
20.6311,23.1373,56.2316
20.6018,23.1251,56.2731
20.6237,23.1348,56.2416
20.5745,23.1295,56.296
20.5431,23.1231,56.3338
20.5174,23.1168,56.3658
20.5612,23.1268,56.312
20.6301,23.1423,56.2276
20.6237,23.1417,56.2346
20.6303,23.1433,56.2263
20.5942,23.1421,56.2637
20.6031,23.1379,56.259
20.5848,23.1416,56.2736
20.5992,23.1398,56.261
20.6,23.137,56.263
20.579,23.135,56.286
20.5846,23.1394,56.276
20.5853,23.1378,56.2769
20.5696,23.143,56.2874
20.5361,23.1352,56.3288
20.505,23.1311,56.3639
20.5224,23.1331,56.3446
20.5147,23.1335,56.3518
20.494,23.122,56.384
20.4886,23.1359,56.3755
20.4588,23.1196,56.4216
20.4356,23.1153,56.4491
20.4991,23.1305,56.3704
20.5259,23.1413,56.3328
20.5018,23.1337,56.3646
20.4314,23.1192,56.4493
20.3756,23.1048,56.5196
20.387,23.1043,56.5087
20.2738,23.0792,56.647
20.2152,23.0755,56.7093
20.2262,23.0816,56.6921
20.3332,23.1157,56.5511
20.1848,23.081,56.7342
20.147,23.0701,56.783
20.1749,23.0827,56.7424
20.156,23.0769,56.7671
20.1468,23.0732,56.7801
20.0514,23.0507,56.8978
20.1176,23.0745,56.8079
20.0162,23.0494,56.9343
20.0272,23.0599,56.9129
19.9881,23.0433,56.9686
19.952,23.0418,57.0062
20.0319,23.0612,56.9069
19.992,23.0577,56.9503
19.9997,23.0615,56.9388
19.9808,23.0509,56.9683
19.9672,23.0565,56.9763
19.9682,23.0528,56.979
19.9342,23.0451,57.0207
19.981,23.0546,56.9644
19.9374,23.0505,57.0121
19.9214,23.0484,57.0302
19.9365,23.0505,57.013
19.8284,23.0244,57.1472
19.8521,23.0248,57.1231
19.8725,23.0289,57.0986
19.8455,23.0263,57.1282
19.8286,23.0267,57.1447
19.8432,23.0385,57.1184
19.9028,23.049,57.0482
19.8649,23.042,57.0931
19.8722,23.0426,57.0852
19.8582,23.0437,57.0981
19.8582,23.0474,57.0945
19.8048,23.0308,57.1644
19.7824,23.0299,57.1877
19.7712,23.0233,57.2056
19.7997,23.0307,57.1696
19.777,23.0269,57.1961
19.7549,23.0226,57.2224
19.6823,23.0067,57.311
19.6676,23.0011,57.3313
19.6535,23.0018,57.3447
19.664,23.0004,57.3355
19.6538,22.9981,57.3481
19.5756,22.9778,57.4466
19.5729,22.9843,57.4428
19.5535,22.977,57.4695
19.4971,22.9674,57.5355
19.485,22.9642,57.5508
19.4778,22.9686,57.5535
19.4541,22.9597,57.5862
19.3899,22.9468,57.6633
19.3565,22.9387,57.7048
19.3237,22.9341,57.7422
19.3332,22.9346,57.7321
19.3336,22.9316,57.7348
19.3307,22.9374,57.7319
19.2625,22.9212,57.8163
19.2007,22.9003,57.899
19.1821,22.8999,57.918
19.1742,22.9042,57.9216
19.1591,22.8918,57.9491
19.1228,22.8765,58.0007
19.0624,22.8706,58.0669
19.0679,22.8725,58.0596
18.8108,22.3327,58.8565
18.7459,22.2842,58.9699
18.7528,22.2754,58.9718
18.7279,22.285,58.987
18.7756,22.3331,58.8912
18.6397,22.2589,59.1014
18.6422,22.2503,59.1075
18.7719,22.2997,58.9283
18.8067,22.3095,58.8838
18.6162,22.2137,59.1701
18.9416,22.3882,58.6702
18.8589,22.3557,58.7854
18.6618,22.2567,59.0815
18.7587,22.3025,58.9388
18.7317,22.2954,58.9729
18.7455,22.2801,58.9744
18.8919,22.3443,58.7638
18.7789,22.2945,58.9266
19.0303,22.3995,58.5702
19.0588,22.4163,58.5249
19.0195,22.4204,58.5602
18.801,22.2929,58.9061
19.3423,22.471,58.1867
19.5927,22.554,57.8533
19.5331,22.5228,57.944
19.4227,22.4597,58.1175
19.6473,22.5242,57.8285
19.1664,22.3687,58.4649
19.4357,22.5125,58.0518
19.2746,22.4395,58.2859
19.3496,22.4687,58.1817
19.2914,22.4351,58.2735
19.7501,22.6007,57.6492
19.7796,22.5656,57.6548
19.7634,22.5881,57.6485
19.3419,22.4286,58.2295
19.2493,22.3971,58.3536
19.7127,22.5591,57.7282
19.9204,22.6354,57.4442
19.8863,22.6482,57.4654
19.8662,22.6554,57.4784
19.7381,22.6106,57.6514
19.2297,22.445,58.3253
19.1359,22.383,58.4811
19.3574,22.4848,58.1578
19.3301,22.4299,58.2401
19.9913,22.6679,57.3408
19.5,22.488,58.012
19.4931,22.5375,57.9694
19.7413,22.6246,57.6342
19.0551,22.4069,58.538
18.8782,22.3136,58.8081
19.3787,22.4805,58.1408
19.643,22.5534,57.8036
19.7758,22.595,57.6292
19.9688,22.6385,57.3926
19.7537,22.5485,57.6978
19.7042,22.5541,57.7417
19.839,22.6373,57.5237
19.6345,22.5453,57.8202
19.6159,22.5445,57.8396
19.8358,22.5941,57.5701
19.8005,22.6099,57.5896
19.5237,22.5405,57.9358
19.5559,22.5212,57.9229
19.6026,22.5558,57.8416
19.3552,22.4815,58.1633
19.448,22.5079,58.0442
19.4197,22.498,58.0823
19.311,22.4801,58.209
19.2664,22.4956,58.238
18.978,22.4011,58.6209
19.1971,22.4897,58.3132
19.1567,22.4796,58.3637
19.028,22.4287,58.5433
19.09,22.4591,58.4509
19.0691,22.4347,58.4962
19.1431,22.4468,58.4101
19.1574,22.4722,58.3704
19.1105,22.4565,58.433
19.0838,22.441,58.4752
19.1449,22.4617,58.3934
19.1935,22.5046,58.3018
19.08,22.462,58.458
19.0615,22.4497,58.4888
19.0927,22.4656,58.4417
19.1227,22.4654,58.4118
19.14,22.4641,58.3959
19.1504,22.4791,58.3706
19.0624,22.4492,58.4884
18.9372,22.4149,58.648
18.9585,22.4348,58.6067
19.0013,22.4517,58.547
18.929,22.4188,58.6521
18.9445,22.3993,58.6562
19.0611,22.4202,58.5188
19.4702,22.5585,57.9713
19.4775,22.5577,57.9647
19.221,22.4752,58.3038
19.128,22.4329,58.4391
18.9972,22.3903,58.6125
18.9597,22.3723,58.668
19.1476,22.4348,58.4175
19.191,22.4591,58.3498
18.7659,22.2929,58.9412
20.0042,22.819,57.1768
20.0263,22.7908,57.183
20.5101,22.9739,56.516
19.698,22.6356,57.6664
20.1449,22.807,57.0482
20.3265,22.894,56.7795
20.0758,22.7859,57.1383
19.8794,22.7144,57.4062
20.1193,22.7972,57.0835
19.8976,22.7388,57.3637
20.2958,22.9435,56.7608
18.7898,22.2432,58.967
19.59,22.5797,57.8303
20.1276,22.8169,57.0554
19.5286,22.4985,57.9729
19.1098,22.2968,58.5934
19.3628,22.462,58.1752
19.5133,22.4974,57.9894
18.7256,22.1353,59.1391
18.4202,22.0282,59.5516
18.4296,22.0087,59.5617
18.5069,22.029,59.4641
18.5889,22.0808,59.3303
18.5867,22.0707,59.3426
18.8628,22.2201,58.9171
19.2384,22.3813,58.3803
19.8324,22.6706,57.497
20.3208,22.866,56.8132
20.91,23.0369,56.0531
21.2993,23.1181,55.5826
21.2045,23.083,55.7126
21.1796,23.082,55.7384
21.2171,23.097,55.686
20.9923,23.0564,55.9513
20.846,23.0104,56.1436
20.2759,22.8011,56.923
19.8902,22.6653,57.4446
19.7453,22.6379,57.6168
19.4539,22.5137,58.0324
18.8604,22.2479,58.8917
19.313,22.475,58.212
19.1847,22.4487,58.3666
20.2267,22.8988,56.8745
20.1851,22.8974,56.9175
19.6795,22.6939,57.6266
19.5581,22.6744,57.7675
18.3054,22.0982,59.5964
17.751,21.8176,60.4314
17.9573,21.9353,60.1074
17.8345,21.9095,60.256
17.7759,21.9077,60.3164
17.755,21.9176,60.3275
17.7024,21.9005,60.3971
17.7124,21.9148,60.3728
17.6584,21.8809,60.4607
17.6104,21.8683,60.5213
17.5267,21.8381,60.6352
17.5441,21.8445,60.6114
17.6446,21.8817,60.4736
17.5604,21.8187,60.6209
17.59,21.8257,60.5843
17.6089,21.842,60.5491
17.5485,21.8035,60.648
17.5756,21.8151,60.6092
17.5672,21.7994,60.6334
17.5219,21.7632,60.7149
17.6865,21.8346,60.4789
17.7324,21.8626,60.405
17.4406,21.7153,60.8441
17.5374,21.7515,60.7111
17.5396,21.7195,60.7409
17.8811,21.8805,60.2384
17.543,21.719,60.738
17.9505,21.8433,60.2062
18.0758,21.9076,60.0166
20.4634,23.1146,56.422
20.542,23.1318,56.3262
20.5069,23.1284,56.3647
20.5621,23.1386,56.2993
20.5668,23.142,56.2912
21.0249,23.2236,55.7515
20.4879,23.1053,56.4067
20.4677,23.0997,56.4327
20.5453,23.118,56.3368
20.5556,23.1256,56.3188
20.5984,23.1321,56.2695
20.6805,23.1678,56.1517
20.6475,23.1556,56.1969
20.6406,23.1516,56.2078
21.0265,23.234,55.7394
20.7141,23.1406,56.1453
20.7831,23.1657,56.0513
20.7347,23.1631,56.1022
20.8391,23.198,55.9629
20.8028,23.1739,56.0234
20.7589,23.1642,56.0769
20.7953,23.1739,56.0307
20.8196,23.1811,55.9993
20.8278,23.1726,55.9996
20.9043,23.2051,55.8906
20.8426,23.1794,55.978
20.8715,23.179,55.9496
20.8731,23.1811,55.9458
20.8805,23.1845,55.935
20.9333,23.1898,55.8768
21.0016,23.2024,55.7959
20.9276,23.201,55.8714
21.0364,23.2125,55.7512
20.9655,23.1992,55.8353
20.9817,23.1995,55.8187
21.0011,23.2072,55.7917
20.959,23.2139,55.8271
21.1835,23.24,55.5765
21.0474,23.2059,55.7467
21.2348,23.2412,55.524
20.9807,23.2055,55.8138
20.9337,23.1721,55.8943
21.0666,23.1936,55.7398
21.144,23.1927,55.6634
20.8888,23.1506,55.9605
21.0297,23.1578,55.8125
20.7925,23.1476,56.06
20.9722,23.1736,55.8542
21.0786,23.2294,55.6921
20.9775,23.1896,55.8328
20.9956,23.2043,55.8001
21.0882,23.2399,55.6719
21.0797,23.2286,55.6917
21.159,23.2326,55.6084
21.0661,23.207,55.7268
21.1125,23.2138,55.6737
21.1341,23.2298,55.6361
21.125,23.2162,55.6588
21.1978,23.2305,55.5717
21.1094,23.1872,55.7033
21.2149,23.2399,55.5452
21.231,23.2464,55.5226
21.2107,23.2408,55.5485
21.1886,23.217,55.5944
21.1787,23.2336,55.5877
21.3289,23.2561,55.415
21.3134,23.2514,55.4352
21.2844,23.2557,55.4599
21.2888,23.2384,55.4728
21.3072,23.231,55.4618
21.3182,23.251,55.4308
21.4067,23.2741,55.3192
21.3411,23.2539,55.405
21.2442,23.2308,55.525
21.275,23.2307,55.4944
21.2642,23.2315,55.5043
21.3592,23.2781,55.3627
21.4068,23.2972,55.296
21.4172,23.3087,55.2741
21.5379,23.3241,55.138
21.8716,23.3733,54.755
21.7063,23.3331,54.9606
21.4031,23.2687,55.3282
21.5076,23.2971,55.1953
21.3672,23.272,55.3609
21.3812,23.2799,55.339
21.4531,23.2876,55.2593
21.4429,23.294,55.2632
21.408,23.2839,55.3081
21.358,23.2628,55.3792
21.4274,23.2795,55.2931
21.4973,23.3054,55.1973
21.4982,23.3072,55.1946
21.4755,23.2966,55.2279
21.5031,23.3015,55.1954
21.5103,23.3106,55.1791
21.4912,23.3009,55.2079
21.4102,23.2565,55.3333
21.4581,23.2812,55.2607
21.5247,23.3107,55.1645
21.5755,23.3276,55.0969
21.6115,23.3442,55.0444
21.5951,23.3272,55.0777
21.5544,23.2979,55.1477
21.5983,23.3212,55.0806
21.6194,23.3283,55.0523
21.6541,23.3399,55.006
21.632,23.3129,55.0551
21.6147,23.3223,55.063
21.6558,23.3244,55.0199
21.7033,23.3417,54.955
21.7007,23.3351,54.9642
21.7186,23.3353,54.9461
21.6709,23.312,55.0171
21.7487,23.3439,54.9075
21.8045,23.3611,54.8344
21.8437,23.3759,54.7805
21.8488,23.3625,54.7888
21.8501,23.3673,54.7826
21.855,23.3653,54.7797
21.8578,23.3662,54.776
21.8707,23.3694,54.7598
21.9197,23.381,54.6993
22.4607,23.5212,54.0181
21.981,23.3988,54.6202
22.0349,23.4266,54.5385
22.0227,23.4046,54.5727
22.0523,23.4205,54.5272
22.0703,23.4218,54.5079
22.0939,23.4306,54.4755
22.1246,23.4367,54.4387
22.121,23.4291,54.4499
22.1765,23.4436,54.38
22.1938,23.4423,54.3639
22.1361,23.4257,54.4382
22.2089,23.4445,54.3466
22.2431,23.4517,54.3051
22.2712,23.4547,54.2742
22.3023,23.4667,54.231
22.3284,23.4649,54.2067
22.3378,23.4533,54.2089
22.3649,23.4628,54.1722
22.4138,23.4797,54.1065
22.4506,23.4747,54.0747
22.4714,23.4808,54.0479
22.486,23.4798,54.0342
22.5233,23.4844,53.9923
22.5486,23.4946,53.9568
22.6203,23.5241,53.8556
22.6866,23.5358,53.7776
22.6948,23.5321,53.7731
22.7306,23.5406,53.7288
22.7645,23.5364,53.6991
22.8076,23.5487,53.6437
22.8596,23.5654,53.575
22.8603,23.56,53.5797
22.8807,23.5604,53.5589
23.0186,23.5962,53.3852
23.0117,23.6018,53.3865
23.0258,23.6023,53.3719
23.0784,23.615,53.3066
23.1125,23.6301,53.2574
23.1761,23.6431,53.1808
23.2142,23.6459,53.1398
23.2475,23.636,53.1166
23.2879,23.6275,53.0846
23.3633,23.6614,52.9753
23.3931,23.6595,52.9474
23.4733,23.6955,52.8312
23.5233,23.717,52.7597
23.6117,23.7305,52.6578
23.6635,23.7521,52.5844
23.7098,23.7529,52.5373
23.7697,23.7747,52.4555
23.8561,23.8157,52.3282
23.9169,23.8233,52.2598
23.9791,23.8298,52.1911
24.0422,23.8409,52.117
24.0666,23.8569,52.0765
24.1392,23.8671,51.9937
19.0656,22.6399,58.2945
18.7914,22.5015,58.7071
18.4779,22.3623,59.1598
18.5471,22.4052,59.0477
18.9535,22.5444,58.502
18.8145,22.5,58.6856
18.954,22.5873,58.4587
18.4289,22.3643,59.2068
18.3996,22.3428,59.2577
18.6923,22.5014,58.8063
18.6391,22.4984,58.8624
18.6949,22.5188,58.7863
18.8864,22.5699,58.5437
18.78,22.5305,58.6895
18.7298,22.516,58.7543
18.988,22.6167,58.3953
18.7893,22.5315,58.6792
18.7081,22.4805,58.8113
18.8301,22.5581,58.6118
18.6825,22.5074,58.8101
18.5012,22.4016,59.0972
18.4305,22.3372,59.2323
18.387,22.2656,59.3474
18.5062,22.3892,59.1047
18.6201,22.4545,58.9253
18.7451,22.4884,58.7666
18.5227,22.4304,59.0469
18.6882,22.4745,58.8373
18.5104,22.4243,59.0654
20.0012,22.9522,57.0466
19.1561,22.5398,58.3041
18.3655,22.2563,59.3782
18.5285,22.326,59.1455
18.3965,22.2745,59.329
18.4397,22.376,59.1843
18.3631,22.2042,59.4327
18.3167,22.1964,59.4869
18.2133,22.1752,59.6115
18.1839,22.1437,59.6725
18.5182,22.3212,59.1607
18.8451,22.4945,58.6604
18.4122,22.2945,59.2933
18.6558,22.2642,59.0799
18.4128,22.3568,59.2304
18.3731,22.3051,59.3219
18.4985,22.318,59.1835
18.7649,22.3353,58.8998
18.56,22.3498,59.0902
19.1478,22.5292,58.323
19.4301,22.5546,58.0153
18.9308,22.3615,58.7077
19.4285,22.5481,58.0235
19.6109,22.6546,57.7345
19.4596,22.584,57.9563
19.8384,22.7161,57.4454
19.5653,22.6116,57.8231
19.5402,22.6077,57.8521
19.6668,22.6509,57.6823
19.6475,22.5508,57.8016
19.2807,22.5205,58.1989
18.9022,22.4083,58.6894
19.1948,22.5319,58.2732
18.7347,22.417,58.8483
18.8972,22.5101,58.5927
18.8494,22.4837,58.6669
19.6165,22.7932,57.5902
19.3665,22.6973,57.9362
19.0327,22.5904,58.3769
19.01,22.5731,58.4169
19.0774,22.6169,58.3057
19.0197,22.5742,58.4061
19.0696,22.605,58.3254
19.0542,22.5727,58.3731
18.9636,22.4902,58.5461
18.8908,22.4275,58.6816
19.0964,22.5994,58.3042
19.111,22.6316,58.2575
19.1141,22.6231,58.2628
19.1195,22.6397,58.2407
19.1186,22.6668,58.2146
18.9465,22.5319,58.5216
19.1697,22.7098,58.1205
19.1457,22.6888,58.1654
19.0118,22.6018,58.3864
18.9092,22.4949,58.5959
19.121,22.6732,58.2058
18.7799,22.4665,58.7536
19.1314,22.5053,58.3633
18.3854,22.2459,59.3687
18.6677,22.2978,59.0346
20.1728,22.8793,56.9479
18.8304,22.5442,58.6254
18.6707,22.4608,58.8685
20.2305,22.8759,56.8936
18.6695,22.4687,58.8618
18.6061,22.3188,59.075
18.8031,22.5595,58.6374
18.7004,22.4787,58.8209
18.3792,22.2815,59.3393
18.3278,22.1922,59.48
18.6147,22.4234,58.9619
18.5907,22.3822,59.0272
18.5087,22.3151,59.1762
18.758,22.5462,58.6958
18.656,22.5056,58.8385
18.5137,22.4242,59.062
18.5642,22.4605,58.9752
18.6327,22.4961,58.8713
18.6334,22.5004,58.8662
18.4389,22.3702,59.1909
18.4322,22.4028,59.1649
18.5033,22.4487,59.048
18.6204,22.4813,58.8983
18.6284,22.4525,58.9191
18.7699,22.548,58.6821
18.7288,22.5111,58.7602
18.6593,22.4668,58.874
18.6406,22.4626,58.8968
18.4967,22.3784,59.1249
18.5053,22.3738,59.1209
18.5631,22.4499,58.987
18.3034,22.2969,59.3997
18.2246,22.112,59.6634
17.8273,22.0181,60.1545
18.095,22.2212,59.6838
18.4086,22.3936,59.1978
18.5495,22.4757,58.9748
18.404,22.3378,59.2582
18.473,22.3739,59.1531
18.7887,22.578,58.6333
18.8284,22.5895,58.5821
18.6154,22.453,58.9316
18.6169,22.4561,58.927
18.6876,22.5036,58.8088
18.3214,22.2774,59.4012
18.4878,22.3831,59.1292
18.4415,22.336,59.2225
18.3657,22.2618,59.3726
18.3743,22.2873,59.3384
18.5603,22.4255,59.0143
18.3076,22.1671,59.5253
18.5278,22.3929,59.0793
18.4615,22.3604,59.1781
18.2538,22.2163,59.5299
18.3058,22.2652,59.429
18.3039,22.2829,59.4133
18.43,22.2844,59.2856
18.2187,22.2177,59.5635
18.2766,22.2863,59.4371
18.369,22.3762,59.2548
18.4076,22.4015,59.191
18.2871,22.3264,59.3865
18.2059,22.2789,59.5152
18.3116,22.3413,59.3472
18.3033,22.3601,59.3367
18.1504,22.2465,59.6031
18.4637,22.4485,59.0878
18.5169,22.495,58.9881
18.3926,22.4323,59.1751
18.2513,22.3136,59.4351
18.2683,22.3472,59.3845
18.2244,22.3154,59.4602
18.25,22.3551,59.3949
18.301,22.4047,59.2943
18.3573,22.4607,59.182
18.2838,22.4275,59.2887
18.084,22.3207,59.5953
17.8842,22.1557,59.9601
17.9628,22.2456,59.7916
17.7549,22.0135,60.2316
17.6495,22.0129,60.3376
17.5845,21.9225,60.4931
17.9245,22.0427,60.0328
17.6901,22.1105,60.1994
17.829,22.236,59.935
17.8387,22.241,59.9203
17.9652,22.3381,59.6967
17.8092,22.1537,60.0371
17.8036,22.1897,60.0068
17.6503,22.122,60.2277
19.7109,22.8327,57.4564
19.8682,22.904,57.2277
19.9424,22.9302,57.1274
19.8703,22.8986,57.2311
19.7278,22.8245,57.4477
19.7392,22.8373,57.4235
19.799,22.8676,57.3334
19.9497,22.9331,57.1173
19.9742,22.9498,57.076
19.8622,22.8959,57.2419
20.0583,22.9826,56.9591
19.9733,22.9416,57.0851
19.8898,22.8991,57.2111
19.9245,22.9105,57.165
19.9339,22.91,57.1561
19.9592,22.9309,57.1099
19.882,22.8958,57.2223
19.9628,22.9332,57.104
19.9557,22.9296,57.1147
19.7997,22.8608,57.3394
19.6985,22.8042,57.4973
19.8726,22.8926,57.2347
19.8163,22.8601,57.3237
19.7848,22.8488,57.3665
19.8362,22.8674,57.2964
19.9165,22.9069,57.1766
19.9386,22.913,57.1484
19.9318,22.916,57.1522
19.8639,22.879,57.257
19.8067,22.8399,57.3535
19.9621,22.9269,57.1109
20.03,22.9564,57.0135
19.9884,22.9419,57.0696
19.888,22.8859,57.2261
19.9063,22.8955,57.1982
19.8566,22.8772,57.2661
19.6716,22.7839,57.5445
19.5704,22.7232,57.7064
19.6069,22.7458,57.6473
19.6908,22.7965,57.5127
19.7112,22.8099,57.4788
19.7318,22.8203,57.4479
19.6701,22.7862,57.5437
19.4817,22.6725,57.8458
19.6882,22.7999,57.5119
19.8724,22.8982,57.2293
19.931,22.9167,57.1523
19.8497,22.8809,57.2695
19.837,22.8765,57.2864
19.9455,22.9338,57.1206
19.9878,22.951,57.0612
20.0592,22.9789,56.9618
20.0023,22.9584,57.0392
19.8906,22.9099,57.1994
19.9385,22.9306,57.1309
19.9425,22.9323,57.1252
19.8804,22.8932,57.2265
20.1533,23.0132,56.8335
20.2216,23.049,56.7294
20.2146,23.0397,56.7457
20.3,23.0828,56.6172
20.154,23.0314,56.8146
19.6264,22.7951,57.5785
19.953,22.9619,57.0851
19.9442,22.9598,57.096
19.9774,22.9803,57.0423
19.65,22.822,57.5281
19.6378,22.8274,57.5349
19.7952,22.9082,57.2966
19.7677,22.8997,57.3325
19.7445,22.8957,57.3599
19.7111,22.8911,57.3978
19.6902,22.8751,57.4347
19.6012,22.8363,57.5625
19.5635,22.8142,57.6223
19.5008,22.783,57.7162
19.6822,22.858,57.4598
19.8234,22.9276,57.249
19.678,22.86,57.462
19.6407,22.8358,57.5235
19.8851,22.967,57.1479
19.6673,22.8625,57.4702
19.7046,22.8805,57.415
19.7049,22.8785,57.4166
19.7233,22.8982,57.3785
19.5796,22.8314,57.5891
19.3055,22.6849,58.0096
19.3909,22.7314,57.8777
19.3245,22.6964,57.9791
19.3497,22.7185,57.9318
19.2284,22.6515,58.12
19.2331,22.6562,58.1107
19.2861,22.6893,58.0246
19.3573,22.7298,57.9129
19.4951,22.8053,57.6995
19.4911,22.8037,57.7052
19.538,22.8281,57.6339
19.6283,22.8784,57.4934
19.5737,22.8438,57.5825
19.564,22.8345,57.6014
19.6334,22.869,57.4976
19.463,22.7914,57.7456
19.5048,22.8173,57.6779
19.3434,22.7416,57.915
19.3546,22.7405,57.9049
19.2393,22.6869,58.0738
19.3124,22.7397,57.948
19.1565,22.6552,58.1883
19.1591,22.652,58.1889
19.415,22.7923,57.7926
19.2688,22.724,58.0073
19.0675,22.6022,58.3303
19.0646,22.6102,58.3252
19.146,22.6595,58.1945
19.1391,22.6474,58.2134
19.4331,22.8081,57.7588
19.3063,22.7437,57.95
19.4004,22.7947,57.8049
19.4313,22.8102,57.7585
19.4843,22.8349,57.6808
19.4812,22.8298,57.689
19.4848,22.843,57.6723
19.3648,22.7851,57.85
19.2654,22.7365,57.9981
19.2523,22.7423,58.0054
19.1886,22.7121,58.0993
19.2211,22.7361,58.0428
19.0872,22.6682,58.2446
19.0966,22.6861,58.2172
19.0189,22.6341,58.347
19.0345,22.6601,58.3054
18.9997,22.6503,58.3501
18.9881,22.6467,58.3653
18.9321,22.6263,58.4415
18.7729,22.5296,58.6975
18.7769,22.5403,58.6828
18.826,22.5811,58.5929
18.8676,22.6089,58.5236
18.8262,22.5891,58.5848
18.8392,22.6016,58.5592
18.8534,22.6102,58.5364
18.8662,22.6113,58.5225
18.7958,22.5801,58.6241
18.77,22.5665,58.6635
18.6715,22.5085,58.82
18.6106,22.4861,58.9033
18.6426,22.5103,58.8471
19.0834,22.7658,58.1509
18.8974,22.6802,58.4223
18.7981,22.6334,58.5686
18.7315,22.606,58.6625
18.5812,22.5209,58.8979
18.5551,22.5171,58.9278
18.5702,22.5323,58.8974
18.6776,22.596,58.7264
18.582,22.5469,58.8712
18.627,22.5743,58.7986
18.6773,22.592,58.7307
18.6527,22.5797,58.7676
18.5787,22.5361,58.8851
18.6481,22.5738,58.778
18.7382,22.6162,58.6456
18.9518,22.7222,58.326
19.0201,22.7498,58.2301
19.0697,22.7674,58.1629
18.9401,22.7066,58.3533
18.948,22.7112,58.3408
18.9274,22.701,58.3717
18.9014,22.6932,58.4055
18.9456,22.7068,58.3476
18.9405,22.7193,58.3402
18.9449,22.7234,58.3318
19.049,22.7836,58.1674
18.9656,22.7399,58.2945
18.936,22.7321,58.3319
18.8259,22.6759,58.4983
18.9564,22.749,58.2946
18.9949,22.7718,58.2334
18.8956,22.7311,58.3733
18.9539,22.7622,58.2839
22.3586,23.1876,54.4538
22.6568,23.2112,54.132
22.3495,23.1848,54.4657
22.1308,23.166,54.7032
22.802,23.2474,53.9506
22.6631,23.235,54.1019
22.6681,23.2281,54.1038
22.8213,23.2427,53.936
22.6866,23.2352,54.0782
23.0231,23.2739,53.703
22.7536,23.2556,53.9908
22.274,23.1951,54.5309
22.8109,23.251,53.938
22.9271,23.267,53.8058
23.4053,23.3154,53.2793
23.5106,23.3338,53.1557
23.5442,23.3314,53.1244
23.4953,23.3253,53.1794
23.3592,23.3145,53.3263
23.2516,23.309,53.4394
22.9661,23.2745,53.7594
22.8165,23.2568,53.9267
22.4755,23.2173,54.3071
22.4582,23.2313,54.3105
22.1859,23.1872,54.6269
22.2896,23.2125,54.4979
22.382,23.2347,54.3833
22.5634,23.2443,54.1923
22.869,23.2663,53.8646
23.0162,23.2853,53.6985
23.1115,23.2945,53.594
23.1533,23.3029,53.5438
23.169,23.3072,53.5239
23.1838,23.3041,53.512
23.193,23.3055,53.5015
23.1962,23.3047,53.4991
23.2148,23.3058,53.4794
23.2444,23.3145,53.4411
23.2889,23.3136,53.3975
23.3593,23.3239,53.3168
23.3904,23.3335,53.2761
23.3961,23.3347,53.2691
23.4075,23.3444,53.2482
23.4253,23.3524,53.2223
23.4594,23.3612,53.1794
23.5206,23.3727,53.1068
23.5855,23.3844,53.0301
23.6329,23.3918,52.9753
23.6843,23.4087,52.9071
23.7329,23.4261,52.8409
23.7808,23.4441,52.7751
23.8272,23.4631,52.7097
23.8486,23.4819,52.6695
23.8389,23.4881,52.673
23.8398,23.4946,52.6656
23.856,23.4975,52.6465
23.8809,23.5054,52.6138
23.8983,23.5045,52.5972
23.9084,23.5086,52.583
23.9249,23.5142,52.5609
23.9455,23.5201,52.5344
23.957,23.5257,52.5173
23.9647,23.5223,52.513
23.9797,23.5232,52.4971
23.9837,23.509,52.5072
23.9721,23.4972,52.5307
23.9525,23.4949,52.5525
23.935,23.4918,52.5731
23.942,23.4857,52.5723
23.9672,23.4966,52.5361
23.9942,23.5078,52.498
23.9918,23.5016,52.5066
23.966,23.4927,52.5413
23.9506,23.4955,52.5539
23.9539,23.4849,52.5612
23.9113,23.4862,52.6025
23.8359,23.4764,52.6876
23.7774,23.4775,52.745
23.7611,23.4889,52.75
23.8147,23.4933,52.6921
23.9386,23.4957,52.5657
24.1219,23.5101,52.368
24.2954,23.5221,52.1825
24.386,23.5223,52.0917
24.3278,23.536,52.1362
24.1873,23.5277,52.2851
24.0135,23.5237,52.4628
23.8809,23.5154,52.6037
23.7882,23.5166,52.6952
23.7522,23.5207,52.7271
23.8133,23.5284,52.6583
23.8764,23.5293,52.5943
23.9295,23.5394,52.5311
23.9421,23.5361,52.5219
23.9471,23.5341,52.5188
23.9504,23.5384,52.5112
23.9656,23.5337,52.5007
23.9672,23.5285,52.5042
23.9398,23.5191,52.5412
23.9022,23.5176,52.5802
23.8316,23.5187,52.6497
23.7633,23.5205,52.7162
23.7094,23.5131,52.7775
23.6651,23.5146,52.8203
23.6483,23.5125,52.8392
23.6633,23.5109,52.8259
23.6517,23.5125,52.8358
23.6198,23.5093,52.8709
23.579,23.5024,52.9186
23.5251,23.495,52.98
23.4745,23.4822,53.0433
23.4135,23.4709,53.1156
23.3331,23.4661,53.2008
23.2465,23.4605,53.2929
23.1401,23.4417,53.4182
22.9841,23.417,53.5989
22.7492,23.3923,53.8585
22.4523,23.3493,54.1983
22.1326,23.3051,54.5623
21.7677,23.3119,54.9204
21.5897,23.2524,55.1579
21.319,23.2106,55.4703
21.8643,23.2767,54.859
21.9116,23.2655,54.8228
21.9185,23.246,54.8356
21.8141,23.2287,54.9572
21.8222,23.2167,54.961
21.7825,23.2114,55.006
21.6034,23.1862,55.2104
21.5687,23.1814,55.2499
21.5824,23.1929,55.2247
21.6263,23.1859,55.1877
20.9154,23.0644,56.0202
21.2813,23.1237,55.595
21.106,23.0965,55.7975
21.6631,23.1837,55.1532
21.6783,23.1784,55.1433
21.5806,23.1617,55.2577
21.2895,23.1089,55.6016
21.6298,23.184,55.1862
21.8408,23.2101,54.9491
22.0289,23.2335,54.7375
22.2622,23.2757,54.4621
22.4005,23.3194,54.2801
22.745,23.354,53.901
22.8212,23.378,53.8008
22.8416,23.3836,53.7748
22.9053,23.4067,53.688
22.9905,23.4247,53.5848
23.0747,23.4368,53.4886
23.1592,23.4478,53.393
23.2061,23.4623,53.3316
23.2276,23.46,53.3124
23.2486,23.462,53.2894
23.257,23.464,53.279
23.285,23.4738,53.2412
23.271,23.4789,53.2501
23.2493,23.4767,53.2741
23.208,23.4721,53.3199
23.1336,23.4711,53.3952
23.041,23.464,53.495
22.9228,23.4556,53.6216
22.779,23.4369,53.784
22.661,23.416,53.923
22.6025,23.4037,53.9938
22.5302,23.4028,54.067
22.4333,23.3923,54.1745
22.2677,23.3647,54.3676
21.9694,23.3311,54.6995
21.9942,23.289,54.7168
22.1951,23.2927,54.5122
22.3345,23.3089,54.3566
22.4756,23.3138,54.2107
22.5247,23.3098,54.1655
22.41,23.2813,54.3087
22.4109,23.2761,54.313
22.3816,23.2665,54.3519
22.2735,23.2405,54.486
22.1752,23.2195,54.6053
22.1334,23.2239,54.6427
20.4759,22.8254,56.6987
20.3319,22.7725,56.8956
20.4647,22.8117,56.7236
20.3659,22.787,56.847
20.411,22.8052,56.7838
20.4138,22.8083,56.7779
20.3735,22.7929,56.8336
20.3497,22.7826,56.8678
20.2739,22.7585,56.9675
20.274,22.7655,56.9605
20.3191,22.7799,56.9011
20.3865,22.8017,56.8117
20.243,22.7487,57.0082
20.3384,22.7812,56.8803
20.302,22.7629,56.9351
20.2877,22.7594,56.9529
21.3129,23.0993,55.5878
20.3461,22.7732,56.8807
20.3631,22.7788,56.858
20.4181,22.7948,56.7871
20.4412,22.8024,56.7564
20.2023,22.7223,57.0753
20.1761,22.7118,57.1121
20.1756,22.7171,57.1073
20.2131,22.7375,57.0494
20.0842,22.6931,57.2227
20.0461,22.6795,57.2744
20.0758,22.6852,57.2391
20.1193,22.7018,57.1789
20.0815,22.6921,57.2264
20.1402,22.7218,57.1381
20.1038,22.7016,57.1946
20.1124,22.713,57.1746
20.1249,22.7103,57.1648
20.1153,22.7097,57.1749
20.2216,22.7404,57.038
20.1598,22.7102,57.1299
20.1283,22.6952,57.1765
20.1409,22.7118,57.1472
20.2,22.7327,57.0672
20.2178,22.7507,57.0315
20.2594,22.7648,56.9757
20.1609,22.7278,57.1114
20.1299,22.7174,57.1528
20.1518,22.7221,57.1261
20.1256,22.7219,57.1524
20.2365,22.7634,57.0002
20.0729,22.6989,57.2282
20.0459,22.6758,57.2783
20.1742,22.7415,57.0843
20.2383,22.7741,56.9876
20.1735,22.7477,57.0788
20.2788,22.7757,56.9456
20.4914,22.8592,56.6494
20.3944,22.8259,56.7797
20.4095,22.8317,56.7588
20.3325,22.8034,56.8641
20.4354,22.8306,56.7339
20.3487,22.8113,56.84
20.282,22.7817,56.9362
20.3293,22.8099,56.8609
20.298,22.8038,56.8981
20.3016,22.8051,56.8932
20.2771,22.7968,56.9261
20.2837,22.7963,56.9199
20.2427,22.7743,56.983
20.2356,22.7832,56.9812
20.2331,22.7797,56.9872
20.2347,22.7817,56.9836
20.1566,22.7519,57.0915
20.1932,22.7756,57.0312
20.1233,22.7488,57.1279
20.0815,22.7302,57.1883
20.0628,22.7238,57.2134
20.0452,22.7177,57.2371
20.0477,22.7158,57.2364
20.0635,22.7351,57.2014
20.0218,22.7215,57.2567
20.0232,22.7096,57.2672
20.0007,22.7074,57.292
20.0732,22.7428,57.184
20.0219,22.7238,57.2543
20.0474,22.7344,57.2183
20.0347,22.7421,57.2232
20.0048,22.7237,57.2715
20.0162,22.7416,57.2422
19.981,22.7256,57.2934
19.9339,22.7004,57.3657
19.9345,22.7047,57.3607
19.9492,22.7123,57.3385
19.9674,22.7284,57.3042
19.9307,22.7049,57.3644
20.0244,22.7608,57.2148
19.9783,22.7335,57.2882
20.0106,22.7548,57.2346
20.0561,22.7767,57.1672
20.0746,22.7859,57.1395
19.989,22.7464,57.2646
19.9908,22.7463,57.2629
19.9609,22.7385,57.3006
19.9336,22.7438,57.3226
19.9655,22.7596,57.2748
19.9974,22.7774,57.2253
19.9632,22.7711,57.2657
19.9909,22.7893,57.2198
19.9518,22.7646,57.2835
19.9275,22.7607,57.3118
19.9141,22.7548,57.3311
19.8525,22.7238,57.4237
19.8469,22.7242,57.4289
19.8348,22.7194,57.4458
19.847,22.7303,57.4226
19.9302,22.774,57.2958
19.909,22.7635,57.3275
19.916,22.7563,57.3277
19.9545,22.7682,57.2773
20.0794,22.8116,57.1089
19.9926,22.7851,57.2223
20.0088,22.7879,57.2032
20.0091,22.7902,57.2008
20.0398,22.7908,57.1694
20.0461,22.7989,57.155
20.0827,22.8098,57.1075
20.126,22.8312,57.0428
20.1311,22.8284,57.0405
20.1401,22.8307,57.0292
20.1836,22.8532,56.9631
20.2432,22.8736,56.8833
20.23,22.8741,56.8959
20.2818,22.8846,56.8336
20.3527,22.9134,56.7339
20.3044,22.8966,56.799
20.2616,22.8825,56.8559
20.2134,22.8747,56.9119
20.1084,22.8426,57.0489
20.1051,22.8424,57.0525
20.0678,22.8178,57.1144
20.3008,22.9024,56.7968
20.6298,23.0046,56.3656
20.3185,22.9199,56.7616
20.2697,22.8916,56.8387
20.3375,22.9171,56.7455
20.2914,22.9079,56.8007
20.3491,22.9076,56.7433
20.3147,22.8911,56.7941
20.6595,22.9808,56.3597
20.956,23.0551,55.9889
20.5811,22.956,56.4629
20.6141,22.9689,56.417
20.4766,22.9344,56.589
20.5097,22.9389,56.5514
20.3646,22.8915,56.744
20.2147,22.8623,56.9229
20.2644,22.8823,56.8533
20.2185,22.8776,56.9039
20.211,22.8785,56.9105
20.1977,22.8739,56.9284
20.1585,22.8614,56.9801
20.1442,22.8545,57.0013
20.1819,22.8572,56.9608
20.1091,22.8462,57.0447
20.1355,22.8362,57.0283
20.1412,22.8393,57.0195
20.1505,22.8511,56.9984
20.1509,22.8382,57.0109
20.0327,22.7968,57.1705
20.1674,22.8362,56.9964
20.1352,22.8309,57.0339
20.2931,22.8625,56.8444
20.0566,22.8153,57.1282
19.9731,22.7964,57.2305
20.012,22.8122,57.1758
20.0697,22.8186,57.1117
20.0839,22.8113,57.1048
20.1173,22.8161,57.0666
20.2462,22.8347,56.9191
20.0831,22.7911,57.1259
20.0772,22.7933,57.1296
19.8456,22.738,57.4164
19.8588,22.7466,57.3946
22.0515,23.2465,54.702
22.0663,23.2502,54.6835
22.0708,23.2506,54.6786
22.0596,23.2472,54.6932
22.0543,23.2481,54.6976
22.0552,23.2509,54.6939
22.0707,23.2498,54.6795
22.0765,23.2523,54.6713
22.0735,23.2493,54.6772
22.0734,23.2488,54.6777
22.0852,23.2491,54.6657
22.077,23.2477,54.6753
22.0791,23.2489,54.672
22.091,23.2489,54.6601
22.0871,23.2553,54.6576
22.0867,23.2534,54.6599
22.0938,23.2505,54.6557
22.0899,23.2573,54.6528
22.0918,23.2588,54.6494
22.0964,23.2579,54.6458
22.0896,23.2541,54.6563
22.0962,23.2556,54.6482
22.093,23.2561,54.6508
22.068,23.252,54.68
22.0805,23.2524,54.6671
22.0854,23.2519,54.6628
22.0803,23.2523,54.6674
22.0747,23.2513,54.6739
22.0748,23.2526,54.6726
22.0711,23.2583,54.6706
22.0734,23.2541,54.6725
22.0772,23.2559,54.6669
22.0764,23.2586,54.6651
22.0839,23.2541,54.662
22.0748,23.257,54.6683
22.0728,23.2563,54.6709
22.0739,23.258,54.6681
22.0652,23.2519,54.6829
22.0584,23.2551,54.6865
22.0615,23.2502,54.6884
22.0613,23.252,54.6867
22.0485,23.2521,54.6993
22.0454,23.2515,54.7031
22.0496,23.2506,54.6997
22.0449,23.2484,54.7067
22.0471,23.252,54.7009
22.0492,23.2551,54.6957
22.0524,23.2522,54.6953
22.0437,23.2512,54.7051
22.0383,23.2504,54.7113
22.0288,23.2505,54.7207
22.0202,23.2539,54.7259
22.019,23.2434,54.7376
22.0123,23.2486,54.7391
22.0069,23.2485,54.7446
22.0179,23.2537,54.7284
22.015,23.2536,54.7315
22.0123,23.2548,54.7329
21.9925,23.2487,54.7588
21.9735,23.2433,54.7832
21.9739,23.2461,54.78
21.9703,23.2451,54.7846
21.9763,23.2467,54.7771
21.9693,23.2442,54.7865
21.9734,23.2489,54.7777
21.9769,23.2418,54.7813
21.9541,23.2429,54.803
21.9366,23.2433,54.8201
21.9304,23.2433,54.8263
21.9097,23.2348,54.8555
21.9157,23.233,54.8512
21.9094,23.2358,54.8548
21.8987,23.2374,54.8639
21.8991,23.2362,54.8647
21.9008,23.2369,54.8623
21.8921,23.2295,54.8784
21.8907,23.2307,54.8786
21.8804,23.2337,54.8858
21.8736,23.2308,54.8956
21.859,23.2261,54.9148
21.8446,23.2206,54.9348
21.8339,23.2211,54.9449
21.8398,23.2251,54.9352
21.8294,23.2209,54.9497
21.8175,23.2204,54.962
21.8153,23.226,54.9586
21.8099,23.2233,54.9668
21.8098,23.225,54.9651
21.7966,23.2239,54.9795
21.7996,23.2223,54.9781
21.7823,23.2236,54.9941
21.7667,23.2167,55.0166
21.762,23.2157,55.0223
21.7496,23.216,55.0344
21.748,23.2212,55.0308
21.7338,23.2175,55.0487
21.7298,23.2118,55.0584
21.7179,23.2143,55.0678
21.711,23.2115,55.0775
21.6993,23.2117,55.0889
21.6838,23.2088,55.1074
21.6679,23.2095,55.1227
21.6579,23.2052,55.1368
21.6503,23.2036,55.1461
21.6264,23.1975,55.1761
21.6241,23.2003,55.1757
21.6158,23.1979,55.1862
21.6178,23.2005,55.1817
21.621,23.2009,55.1781
21.6144,23.2006,55.185
21.605,23.2037,55.1913
21.5899,23.2002,55.2099
21.584,23.1993,55.2167
21.5771,23.2012,55.2218
21.5649,23.1947,55.2404
21.5471,23.1991,55.2538
21.5402,23.1984,55.2614
21.533,23.1942,55.2728
21.5168,23.1882,55.295
21.5052,23.1897,55.3051
21.4913,23.1835,55.3252
21.4723,23.1845,55.3432
21.4646,23.1843,55.3511
21.4497,23.1804,55.3699
21.4345,23.1843,55.3812
21.4244,23.1794,55.3962
21.4203,23.1801,55.3996
21.4093,23.1764,55.4142
21.3923,23.1755,55.4322
21.387,23.1754,55.4376
21.3859,23.1751,55.439
21.3712,23.1733,55.4554
21.3617,23.1698,55.4685
21.3456,23.1718,55.4826
21.3365,23.1713,55.4922
21.3183,23.1705,55.5111
21.3049,23.1663,55.5288
21.2872,23.1645,55.5484
21.2732,23.1605,55.5663
21.2414,23.1541,55.6045
21.2357,23.156,55.6084
21.2171,23.1492,55.6337
21.1947,23.1473,55.6581
21.1793,23.1474,55.6733
21.1767,23.1407,55.6826
21.1627,23.1459,55.6914
21.1442,23.1455,55.7103
21.1301,23.1396,55.7303
21.0984,23.1348,55.7668
21.0811,23.1356,55.7833
21.0654,23.1265,55.8081
21.043,23.1246,55.8324
21.0193,23.1188,55.8619
20.9969,23.1176,55.8855
20.9738,23.1147,55.9115
20.9542,23.1101,55.9356
20.9303,23.1059,55.9638
20.9116,23.0958,55.9926
20.9019,23.0973,56.0009
20.8751,23.0949,56.03
20.8541,23.0912,56.0546
20.836,23.086,56.078
20.8248,23.0829,56.0923
20.7992,23.0783,56.1225
20.7799,23.0834,56.1367
20.7516,23.0761,56.1722
20.7298,23.0762,56.194
20.7214,23.0721,56.2065
20.702,23.0711,56.2268
20.6807,23.0731,56.2461
20.6748,23.0686,56.2567
20.6462,23.065,56.2888
20.6305,23.0659,56.3036
20.6152,23.0618,56.323
20.5734,23.0568,56.3698
20.5491,23.0531,56.3979
20.5223,23.0467,56.431
20.5094,23.0475,56.4431
20.4887,23.0443,56.467
20.4624,23.0384,56.4992
21.0981,22.9622,55.9397
20.6421,22.8486,56.5094
