18.9926,22.7242,58.2832
19.2185,22.8133,57.9681
19.1593,22.785,58.0557
19.1906,22.7794,58.03
19.3476,22.8331,57.8193
19.37,22.8301,57.7999
19.4123,22.8346,57.7532
19.5344,22.8799,57.5858
19.6428,22.9158,57.4415
19.6471,22.909,57.444
19.7182,22.9255,57.3564
19.7589,22.9453,57.2958
19.7306,22.9291,57.3403
19.8197,22.9585,57.2218
19.7827,22.9447,57.2726
19.7989,22.9375,57.2637
19.7185,22.9,57.3815
19.8715,22.9543,57.1742
19.8013,22.9241,57.2746
19.8126,22.9215,57.2659
19.8646,22.9364,57.199
19.9476,22.9637,57.0887
19.9487,22.9641,57.0873
19.9362,22.9589,57.1049
19.8945,22.9412,57.1644
19.8494,22.9233,57.2273
19.9915,22.9723,57.0361
19.9859,22.9751,57.0389
20.0101,22.9761,57.0138
20.0124,22.9765,57.0111
19.9458,22.9557,57.0985
20.0413,22.9799,56.9789
20.0362,22.9791,56.9847
19.9465,22.9445,57.109
20.0097,22.9707,57.0195
19.9384,22.9408,57.1208
20.0321,22.9705,56.9974
19.961,22.9422,57.0969
19.9722,22.9462,57.0816
20.1154,22.9963,56.8883
20.049,22.9718,56.9791
20.1664,23.0051,56.8285
20.0662,22.9734,56.9604
20.0407,22.9588,57.0004
20.0707,22.9726,56.9567
20.1452,22.9935,56.8613
20.1641,23.0061,56.8298
20.2178,23.0184,56.7638
20.1358,22.997,56.8672
20.1573,23.0007,56.842
20.1344,22.994,56.8717
20.2065,23.0171,56.7764
20.1855,23.0081,56.8065
20.1644,22.9978,56.8378
20.0987,22.9721,56.9292
20.1162,22.9809,56.9029
20.0785,22.9661,56.9554
20.0928,22.9722,56.935
20.2071,23.0093,56.7836
20.162,22.9902,56.8478
20.1659,22.9878,56.8463
20.1791,22.9945,56.8264
20.1819,22.9933,56.8249
20.0097,22.9315,57.0588
20.1387,22.9836,56.8777
20.1333,22.9774,56.8893
20.1984,23.0009,56.8007
20.2207,23.0079,56.7713
20.1981,22.9937,56.8082
20.1959,22.9916,56.8125
20.2281,22.9972,56.7748
20.217,22.995,56.788
20.2479,23.0091,56.7429
20.2773,23.0148,56.7079
20.2513,23.0104,56.7382
20.1872,22.9811,56.8317
20.2803,23.0263,56.6935
20.1462,22.9736,56.8803
20.2375,23.0059,56.7567
20.2468,23.0027,56.7505
20.2062,22.9881,56.8058
20.3491,23.0327,56.6182
20.2722,23.0072,56.7206
20.2733,23.0104,56.7163
20.1976,22.9846,56.8178
20.3094,23.023,56.6676
20.2276,22.9843,56.7881
20.2673,22.9999,56.7328
20.2506,22.9953,56.7541
20.3208,23.0196,56.6596
20.246,22.9986,56.7554
20.2894,23.006,56.7046
20.329,23.024,56.647
20.3222,23.0139,56.6638
20.322,23.0133,56.6648
20.3841,23.0264,56.5895
20.4032,23.0305,56.5662
20.3791,23.0235,56.5974
20.3226,23.0084,56.6691
20.3316,23.0143,56.6541
20.2998,23.0015,56.6987
20.4142,23.0447,56.5411
20.2688,22.9867,56.7445
20.355,23.0209,56.6241
20.3862,23.0341,56.5797
20.3465,23.0246,56.6289
20.3265,23.0176,56.6558
20.3285,23.0129,56.6586
20.3093,23.0006,56.69
20.2636,22.9969,56.7395
20.3269,23.0116,56.6615
20.357,23.0224,56.6207
20.3874,23.0299,56.5827
20.3138,23.0139,56.6723
20.3529,23.0257,56.6214
20.3217,23.0152,56.6631
20.2223,22.982,56.7957
20.2694,23.0052,56.7254
20.2666,23.0009,56.7325
20.2504,22.9939,56.7556
20.2292,22.987,56.7839
20.3113,23.012,56.6767
20.28,23.0017,56.7182
20.3371,23.0245,56.6383
20.3347,23.0181,56.6472
20.295,23.0091,56.6959
20.3165,23.0191,56.6644
20.2815,23.0116,56.7069
20.2505,23.0051,56.7444
20.253,23.012,56.735
20.2334,22.9982,56.7684
20.2155,22.9958,56.7887
20.231,22.9974,56.7715
20.2379,23.007,56.7551
20.2791,23.0222,56.6986
20.1955,22.9941,56.8105
20.199,23.0019,56.7991
20.2231,23.0136,56.7633
20.1891,22.9949,56.816
20.1713,22.9868,56.842
20.2141,23.0038,56.7821
20.2102,23.0045,56.7853
20.2369,23.0068,56.7563
20.2265,23.0062,56.7673
20.211,23.0062,56.7828
20.1119,22.979,56.9091
20.1007,22.9812,56.9181
20.0488,22.9626,56.9885
20.0351,22.962,57.0029
20.0441,22.9638,56.9921
20.04,22.9618,56.9982
20.0258,22.9571,57.0171
20.022,22.9604,57.0176
20.01,22.9585,57.0315
20.0353,22.9674,56.9972
19.9181,22.9352,57.1468
19.8898,22.9276,57.1826
19.8803,22.926,57.1937
19.8862,22.9272,57.1866
19.9459,22.9518,57.1022
19.9446,22.9425,57.1128
19.9259,22.9422,57.1319
19.9894,22.9652,57.0454
19.9822,22.9632,57.0546
19.976,22.9629,57.0611
19.8908,22.9397,57.1695
19.939,22.9563,57.1047
19.9514,22.9625,57.0861
19.9767,22.9641,57.0592
19.9685,22.963,57.0685
19.947,22.9578,57.0952
19.9554,22.96,57.0846
19.9478,22.9599,57.0922
19.9403,22.9545,57.1053
19.8611,22.9314,57.2075
19.841,22.926,57.233
19.8606,22.9359,57.2035
19.8544,22.932,57.2136
19.85,22.9378,57.2122
19.8522,22.9427,57.2051
19.3278,22.8471,57.8251
19.3554,22.8506,57.794
19.3833,22.8635,57.7531
19.3393,22.8463,57.8144
19.4527,22.8842,57.6631
19.4042,22.8649,57.7309
19.4674,22.8851,57.6475
19.5532,22.9107,57.5361
19.5545,22.9141,57.5314
19.5663,22.9195,57.5142
19.6123,22.9268,57.4608
19.5638,22.9107,57.5254
19.525,22.8965,57.5785
19.5386,22.9006,57.5608
19.5458,22.9006,57.5536
19.5601,22.9013,57.5386
19.5957,22.911,57.4933
19.5974,22.9005,57.5021
19.6773,22.9292,57.3935
19.7677,22.9492,57.2831
19.8126,22.9576,57.2298
19.7452,22.9291,57.3257
19.7728,22.937,57.2902
19.7016,22.9107,57.3877
19.7366,22.922,57.3414
19.8206,22.9439,57.2355
19.9153,22.9697,57.115
19.982,22.9832,57.0348
19.9898,22.9837,57.0265
19.9692,22.9671,57.0637
19.9651,22.9664,57.0685
19.9906,22.973,57.0364
20.0247,22.9754,56.9999
20.0612,22.9896,56.9492
20.0592,22.9872,56.9536
20.0123,22.9694,57.0183
20.0385,22.9789,56.9826
20.0557,22.983,56.9613
20.0715,22.9905,56.938
20.1141,22.9989,56.887
20.1502,23.0114,56.8384
20.2117,23.0216,56.7667
20.2604,23.0385,56.7011
20.2934,23.0505,56.656
20.3027,23.0598,56.6375
20.3047,23.0617,56.6336
20.3267,23.0673,56.606
20.3427,23.0692,56.5881
20.356,23.065,56.579
20.352,23.0727,56.5753
20.3787,23.0791,56.5422
20.382,23.0748,56.5432
20.377,23.0719,56.551
20.3531,23.0691,56.5778
20.3798,23.0705,56.5498
20.3978,23.07,56.5322
20.3445,23.0527,56.6028
20.2601,23.0267,56.7132
20.3583,23.0537,56.588
20.3723,23.0527,56.5751
20.39,23.0613,56.5488
20.3875,23.0605,56.552
20.3982,23.0639,56.5378
20.3754,23.0544,56.5702
20.3919,23.0532,56.5548
20.4239,23.066,56.5102
20.4194,23.0648,56.5158
20.3971,23.0613,56.5415
20.3175,23.0378,56.6448
20.3468,23.054,56.5992
20.403,23.0711,56.526
20.3117,23.0413,56.6469
20.3655,23.0558,56.5787
20.3975,23.065,56.5374
20.3691,23.0629,56.568
20.4314,23.0808,56.4878
20.3869,23.0704,56.5426
20.3788,23.0676,56.5536
20.323,23.0553,56.6216
20.3363,23.0557,56.608
20.3509,23.0597,56.5893
20.3956,23.0747,56.5297
20.371,23.0642,56.5648
20.4432,23.0833,56.4735
20.4179,23.0693,56.5128
20.4131,23.0724,56.5145
20.3932,23.065,56.5418
20.4595,23.0843,56.4562
20.5052,23.0919,56.4028
20.5722,23.107,56.3209
20.5364,23.0963,56.3673
20.5436,23.1018,56.3546
20.5991,23.1145,56.2864
20.5363,23.094,56.3696
20.5925,23.1086,56.299
20.6323,23.1224,56.2453
20.5994,23.116,56.2846
20.6155,23.1182,56.2663
20.6387,23.118,56.2433
20.6544,23.1246,56.221
20.6377,23.1177,56.2446
20.6494,23.1238,56.2269
20.6189,23.1149,56.2662
20.6787,23.1311,56.1902
20.6399,23.1212,56.2389
20.7333,23.1485,56.1182
20.6796,23.1388,56.1816
20.6954,23.1427,56.1619
20.7276,23.1446,56.1278
20.704,23.1406,56.1553
20.6599,23.1366,56.2035
20.6462,23.1278,56.226
20.6296,23.1264,56.244
20.6748,23.1387,56.1865
20.6829,23.144,56.1731
20.6324,23.1356,56.232
20.6595,23.1389,56.2016
20.6249,23.1305,56.2446
20.6228,23.1292,56.248
20.5857,23.1172,56.2971
20.6001,23.1265,56.2734
20.603,23.1269,56.2702
20.6871,23.145,56.1679
20.7609,23.1634,56.0758
20.7459,23.158,56.0961
20.7365,23.1543,56.1092
20.7183,23.1503,56.1314
20.6896,23.1421,56.1683
20.6876,23.1498,56.1626
20.682,23.144,56.1739
20.6797,23.1492,56.1711
20.6382,23.1376,56.2242
20.6279,23.1334,56.2388
20.6311,23.1373,56.2316
20.6018,23.1251,56.2731
20.6237,23.1348,56.2416
20.5745,23.1295,56.296
20.5431,23.1231,56.3338
20.5174,23.1168,56.3658
20.5612,23.1268,56.312
20.6301,23.1423,56.2276
20.6237,23.1417,56.2346
20.6303,23.1433,56.2263
20.5942,23.1421,56.2637
20.6031,23.1379,56.259
20.5848,23.1416,56.2736
20.5992,23.1398,56.261
20.6,23.137,56.263
20.579,23.135,56.286
20.5846,23.1394,56.276
20.5853,23.1378,56.2769
20.5696,23.143,56.2874
20.5361,23.1352,56.3288
20.505,23.1311,56.3639
20.5224,23.1331,56.3446
20.5147,23.1335,56.3518
20.494,23.122,56.384
20.4886,23.1359,56.3755
20.4588,23.1196,56.4216
20.4356,23.1153,56.4491
20.4991,23.1305,56.3704
20.5259,23.1413,56.3328
20.5018,23.1337,56.3646
20.4314,23.1192,56.4493
20.3756,23.1048,56.5196
20.387,23.1043,56.5087
20.2738,23.0792,56.647
20.2152,23.0755,56.7093
20.2262,23.0816,56.6921
20.3332,23.1157,56.5511
20.1848,23.081,56.7342
20.147,23.0701,56.783
20.1749,23.0827,56.7424
20.156,23.0769,56.7671
20.1468,23.0732,56.7801
20.0514,23.0507,56.8978
20.1176,23.0745,56.8079
20.0162,23.0494,56.9343
20.0272,23.0599,56.9129
19.9881,23.0433,56.9686
17.9011,21.995,60.1038
17.9229,22.0056,60.0715
17.9432,22.0156,60.0412
18.0363,22.0771,59.8866
17.8934,22.0307,60.0759
17.9247,22.0508,60.0245
17.8621,22.0443,60.0936
17.9289,22.0568,60.0143
17.9864,22.0673,59.9464
18.0822,22.0915,59.8263
18.0255,22.0726,59.9019
18.0849,22.1364,59.7787
18.0176,22.1,59.8824
18.1131,22.1536,59.7333
18.1519,22.1558,59.6923
18.1389,22.1494,59.7118
18.1328,22.1492,59.718
18.1369,22.1657,59.6975
18.2639,22.1954,59.5407
18.2,22.1762,59.6238
18.2244,22.1818,59.5938
18.2155,22.1852,59.5993
18.2651,22.197,59.538
18.2181,22.1824,59.5996
18.225,22.1856,59.5894
18.2634,22.2051,59.5314
18.2856,22.2005,59.5138
18.2033,22.1938,59.6029
18.3323,22.2211,59.4467
18.3411,22.2287,59.4303
18.3583,22.2183,59.4235
18.3627,22.2435,59.3938
18.3634,22.2295,59.4071
18.3668,22.2308,59.4024
18.4159,22.2414,59.3427
18.4271,22.2619,59.311
18.4585,22.2707,59.2708
18.4424,22.259,59.2986
18.3866,22.2488,59.3646
18.4362,22.2546,59.3091
18.404,22.2459,59.35
18.4114,22.2272,59.3614
18.8062,22.4083,58.7854
18.5094,22.2402,59.2503
18.6474,22.3132,59.0394
18.4062,22.1989,59.3949
18.9142,22.424,58.6617
18.594,22.2876,59.1184
18.4466,22.2268,59.3265
18.525,22.2729,59.2021
18.5232,22.2708,59.2059
18.4524,22.2207,59.3269
18.5173,22.2551,59.2276
18.8108,22.3327,58.8565
18.7459,22.2842,58.9699
18.7528,22.2754,58.9718
18.7279,22.285,58.987
18.7756,22.3331,58.8912
18.6397,22.2589,59.1014
18.6422,22.2503,59.1075
18.7719,22.2997,58.9283
18.8067,22.3095,58.8838
18.6162,22.2137,59.1701
18.9416,22.3882,58.6702
18.8589,22.3557,58.7854
18.6618,22.2567,59.0815
18.7587,22.3025,58.9388
18.7317,22.2954,58.9729
18.7455,22.2801,58.9744
18.8919,22.3443,58.7638
18.7789,22.2945,58.9266
19.0303,22.3995,58.5702
19.0588,22.4163,58.5249
19.0195,22.4204,58.5602
18.801,22.2929,58.9061
19.3423,22.471,58.1867
19.5927,22.554,57.8533
19.5331,22.5228,57.944
19.4227,22.4597,58.1175
19.6473,22.5242,57.8285
19.1664,22.3687,58.4649
19.4357,22.5125,58.0518
19.2746,22.4395,58.2859
19.3496,22.4687,58.1817
19.2914,22.4351,58.2735
19.7501,22.6007,57.6492
19.7796,22.5656,57.6548
19.7634,22.5881,57.6485
19.3419,22.4286,58.2295
19.2493,22.3971,58.3536
19.7127,22.5591,57.7282
19.9204,22.6354,57.4442
19.8863,22.6482,57.4654
19.8662,22.6554,57.4784
19.7381,22.6106,57.6514
19.2297,22.445,58.3253
19.1359,22.383,58.4811
19.3574,22.4848,58.1578
19.3301,22.4299,58.2401
19.9913,22.6679,57.3408
19.5,22.488,58.012
19.4931,22.5375,57.9694
19.7413,22.6246,57.6342
19.0551,22.4069,58.538
18.8782,22.3136,58.8081
19.3787,22.4805,58.1408
19.643,22.5534,57.8036
19.7758,22.595,57.6292
19.9688,22.6385,57.3926
19.7537,22.5485,57.6978
19.7042,22.5541,57.7417
19.839,22.6373,57.5237
19.6345,22.5453,57.8202
19.6159,22.5445,57.8396
19.8358,22.5941,57.5701
19.8005,22.6099,57.5896
19.5237,22.5405,57.9358
19.5559,22.5212,57.9229
19.6026,22.5558,57.8416
19.3552,22.4815,58.1633
19.448,22.5079,58.0442
19.4197,22.498,58.0823
19.311,22.4801,58.209
19.2664,22.4956,58.238
18.978,22.4011,58.6209
19.1971,22.4897,58.3132
19.1567,22.4796,58.3637
19.028,22.4287,58.5433
19.09,22.4591,58.4509
19.0691,22.4347,58.4962
19.1431,22.4468,58.4101
19.1574,22.4722,58.3704
19.1105,22.4565,58.433
19.0838,22.441,58.4752
19.1449,22.4617,58.3934
19.1935,22.5046,58.3018
19.08,22.462,58.458
19.0615,22.4497,58.4888
19.0927,22.4656,58.4417
19.1227,22.4654,58.4118
19.14,22.4641,58.3959
19.1504,22.4791,58.3706
19.0624,22.4492,58.4884
18.9372,22.4149,58.648
18.9585,22.4348,58.6067
19.0013,22.4517,58.547
18.929,22.4188,58.6521
18.9445,22.3993,58.6562
19.0611,22.4202,58.5188
19.4702,22.5585,57.9713
19.4775,22.5577,57.9647
19.221,22.4752,58.3038
19.128,22.4329,58.4391
18.9972,22.3903,58.6125
18.9597,22.3723,58.668
19.1476,22.4348,58.4175
19.191,22.4591,58.3498
18.7659,22.2929,58.9412
20.0042,22.819,57.1768
20.0263,22.7908,57.183
20.5101,22.9739,56.516
19.698,22.6356,57.6664
20.1449,22.807,57.0482
20.3265,22.894,56.7795
20.0758,22.7859,57.1383
19.8794,22.7144,57.4062
20.1193,22.7972,57.0835
19.8976,22.7388,57.3637
20.2958,22.9435,56.7608
18.7898,22.2432,58.967
19.59,22.5797,57.8303
20.1276,22.8169,57.0554
19.5286,22.4985,57.9729
19.1098,22.2968,58.5934
19.3628,22.462,58.1752
19.5133,22.4974,57.9894
18.7256,22.1353,59.1391
18.4202,22.0282,59.5516
18.4296,22.0087,59.5617
18.5069,22.029,59.4641
19.4068,22.9325,57.6607
19.7295,23.0248,57.2458
19.6044,22.994,57.4016
19.7335,23.0132,57.2533
19.5795,22.9729,57.4476
19.5094,22.9384,57.5522
19.6727,22.9824,57.3449
19.644,22.9509,57.4051
20.4137,23.1246,56.4617
19.9473,23.0232,57.0295
19.7528,22.9617,57.2855
19.8454,22.9949,57.1597
20.0382,23.0712,56.8906
19.9205,23.0314,57.0481
20.0167,23.0747,56.9087
20.0103,23.071,56.9187
20.0865,23.0689,56.8446
19.9144,23.0077,57.0779
19.8716,23.0135,57.1149
20.0565,23.0735,56.87
20.0613,23.0691,56.8696
20.3606,23.1186,56.5208
20.4482,23.1729,56.3789
20.2562,23.1215,56.6222
20.1714,23.1113,56.7173
20.2066,23.1139,56.6796
20.1256,23.0789,56.7955
20.2102,23.1089,56.6809
20.291,23.1286,56.5805
20.2214,23.0866,56.692
20.9752,23.2244,55.8004
20.1591,23.0712,56.7698
20.3431,23.1317,56.5252
20.3375,23.1216,56.5409
20.4335,23.1565,56.41
20.4224,23.1441,56.4334
20.4629,23.1521,56.385
20.2807,23.0942,56.625
20.2062,23.0685,56.7253
20.2366,23.072,56.6914
20.273,23.0899,56.6371
20.2453,23.071,56.6838
20.2453,23.0671,56.6875
20.3292,23.0925,56.5782
20.3654,23.105,56.5297
20.3881,23.1081,56.5038
20.417,23.1192,56.4637
20.4381,23.1215,56.4404
20.4245,23.1116,56.4639
20.3696,23.0932,56.5372
20.5624,23.1309,56.3067
20.4996,23.1315,56.3689
20.3502,23.0798,56.57
20.4213,23.0932,56.4856
20.4634,23.1146,56.422
20.542,23.1318,56.3262
20.5069,23.1284,56.3647
20.5621,23.1386,56.2993
20.5668,23.142,56.2912
21.0249,23.2236,55.7515
20.4879,23.1053,56.4067
20.4677,23.0997,56.4327
20.5453,23.118,56.3368
20.5556,23.1256,56.3188
20.5984,23.1321,56.2695
20.6805,23.1678,56.1517
20.6475,23.1556,56.1969
20.6406,23.1516,56.2078
21.0265,23.234,55.7394
20.7141,23.1406,56.1453
20.7831,23.1657,56.0513
20.7347,23.1631,56.1022
20.8391,23.198,55.9629
20.8028,23.1739,56.0234
20.7589,23.1642,56.0769
20.7953,23.1739,56.0307
20.8196,23.1811,55.9993
20.8278,23.1726,55.9996
20.9043,23.2051,55.8906
20.8426,23.1794,55.978
20.8715,23.179,55.9496
20.8731,23.1811,55.9458
20.8805,23.1845,55.935
20.9333,23.1898,55.8768
21.0016,23.2024,55.7959
20.9276,23.201,55.8714
21.0364,23.2125,55.7512
20.9655,23.1992,55.8353
20.9817,23.1995,55.8187
21.0011,23.2072,55.7917
20.959,23.2139,55.8271
21.1835,23.24,55.5765
21.0474,23.2059,55.7467
21.2348,23.2412,55.524
20.9807,23.2055,55.8138
20.9337,23.1721,55.8943
21.0666,23.1936,55.7398
21.144,23.1927,55.6634
20.8888,23.1506,55.9605
21.0297,23.1578,55.8125
20.7925,23.1476,56.06
20.9722,23.1736,55.8542
21.0786,23.2294,55.6921
20.9775,23.1896,55.8328
20.9956,23.2043,55.8001
21.0882,23.2399,55.6719
21.0797,23.2286,55.6917
21.159,23.2326,55.6084
21.0661,23.207,55.7268
21.1125,23.2138,55.6737
21.1341,23.2298,55.6361
21.125,23.2162,55.6588
21.1978,23.2305,55.5717
21.1094,23.1872,55.7033
21.2149,23.2399,55.5452
21.231,23.2464,55.5226
21.2107,23.2408,55.5485
21.1886,23.217,55.5944
21.1787,23.2336,55.5877
21.3289,23.2561,55.415
21.3134,23.2514,55.4352
21.2844,23.2557,55.4599
21.2888,23.2384,55.4728
21.3072,23.231,55.4618
21.3182,23.251,55.4308
21.4067,23.2741,55.3192
21.3411,23.2539,55.405
21.2442,23.2308,55.525
21.275,23.2307,55.4944
21.2642,23.2315,55.5043
21.3592,23.2781,55.3627
21.4068,23.2972,55.296
21.4172,23.3087,55.2741
21.5379,23.3241,55.138
21.8716,23.3733,54.755
21.7063,23.3331,54.9606
21.4031,23.2687,55.3282
21.5076,23.2971,55.1953
21.3672,23.272,55.3609
21.3812,23.2799,55.339
21.4531,23.2876,55.2593
21.4429,23.294,55.2632
21.408,23.2839,55.3081
21.358,23.2628,55.3792
21.4274,23.2795,55.2931
21.4973,23.3054,55.1973
21.4982,23.3072,55.1946
21.4755,23.2966,55.2279
21.5031,23.3015,55.1954
21.5103,23.3106,55.1791
21.4912,23.3009,55.2079
21.4102,23.2565,55.3333
21.4581,23.2812,55.2607
21.5247,23.3107,55.1645
21.5755,23.3276,55.0969
21.6115,23.3442,55.0444
21.5951,23.3272,55.0777
21.5544,23.2979,55.1477
21.5983,23.3212,55.0806
21.6194,23.3283,55.0523
21.6541,23.3399,55.006
21.632,23.3129,55.0551
21.6147,23.3223,55.063
21.6558,23.3244,55.0199
21.7033,23.3417,54.955
21.7007,23.3351,54.9642
21.7186,23.3353,54.9461
21.6709,23.312,55.0171
21.7487,23.3439,54.9075
21.8045,23.3611,54.8344
21.8437,23.3759,54.7805
21.8488,23.3625,54.7888
21.8501,23.3673,54.7826
21.855,23.3653,54.7797
21.8578,23.3662,54.776
21.8707,23.3694,54.7598
21.9197,23.381,54.6993
22.4607,23.5212,54.0181
21.981,23.3988,54.6202
22.0349,23.4266,54.5385
17.0454,21.9599,60.9947
17.2649,22.0728,60.6624
17.3562,22.1002,60.5436
17.3539,22.0836,60.5625
17.3247,22.0504,60.6249
17.3326,22.0615,60.6059
17.4645,22.1468,60.3887
17.4931,22.1506,60.3563
17.6096,22.2028,60.1876
17.5474,22.1606,60.292
17.4711,22.1242,60.4047
17.615,22.2128,60.1722
17.4428,22.074,60.4832
17.6271,22.2238,60.1491
17.5051,22.1223,60.3727
17.2657,21.9834,60.7509
17.3146,21.9901,60.6953
17.3627,22.0222,60.6151
17.4731,22.0629,60.4641
17.491,22.0714,60.4375
17.4784,22.0401,60.4816
18.0786,22.2856,59.6358
17.9667,22.195,59.8382
18.8713,22.4929,58.6358
18.6689,22.2422,59.0889
19.2254,22.5086,58.266
18.6391,22.3188,59.0422
18.7573,22.3242,58.9184
18.6492,22.431,58.9198
18.351,22.3405,59.3085
17.8761,22.0993,60.0246
18.082,22.2603,59.6577
18.1759,22.3205,59.5036
18.5218,22.4082,59.07
18.2003,22.2795,59.5202
18.5119,22.4701,59.018
18.2174,22.3282,59.4544
18.2066,22.2374,59.556
17.9171,22.0564,60.0266
18.1498,22.1599,59.6903
17.9256,22.0214,60.053
18.383,22.2584,59.3586
18.2709,22.3067,59.4224
18.5833,22.4549,58.9618
18.2863,22.3673,59.3464
19.108,22.6321,58.2599
18.3322,22.3251,59.3427
18.9221,22.5117,58.5663
19.2006,22.5949,58.2045
19.7365,22.759,57.5045
19.1317,22.6113,58.2569
19.1738,22.6754,58.1507
19.0656,22.6399,58.2945
18.7914,22.5015,58.7071
18.4779,22.3623,59.1598
18.5471,22.4052,59.0477
18.9535,22.5444,58.502
18.8145,22.5,58.6856
18.954,22.5873,58.4587
18.4289,22.3643,59.2068
18.3996,22.3428,59.2577
18.6923,22.5014,58.8063
18.6391,22.4984,58.8624
18.6949,22.5188,58.7863
18.8864,22.5699,58.5437
18.78,22.5305,58.6895
18.7298,22.516,58.7543
18.988,22.6167,58.3953
18.7893,22.5315,58.6792
18.7081,22.4805,58.8113
18.8301,22.5581,58.6118
18.6825,22.5074,58.8101
18.5012,22.4016,59.0972
18.4305,22.3372,59.2323
18.387,22.2656,59.3474
18.5062,22.3892,59.1047
18.6201,22.4545,58.9253
18.7451,22.4884,58.7666
18.5227,22.4304,59.0469
18.6882,22.4745,58.8373
18.5104,22.4243,59.0654
20.0012,22.9522,57.0466
19.1561,22.5398,58.3041
18.3655,22.2563,59.3782
18.5285,22.326,59.1455
18.3965,22.2745,59.329
18.4397,22.376,59.1843
18.3631,22.2042,59.4327
18.3167,22.1964,59.4869
18.2133,22.1752,59.6115
18.1839,22.1437,59.6725
18.5182,22.3212,59.1607
18.8451,22.4945,58.6604
18.4122,22.2945,59.2933
18.6558,22.2642,59.0799
18.4128,22.3568,59.2304
18.3731,22.3051,59.3219
18.4985,22.318,59.1835
18.7649,22.3353,58.8998
18.56,22.3498,59.0902
19.1478,22.5292,58.323
19.4301,22.5546,58.0153
18.9308,22.3615,58.7077
19.4285,22.5481,58.0235
19.6109,22.6546,57.7345
19.4596,22.584,57.9563
19.8384,22.7161,57.4454
19.5653,22.6116,57.8231
19.5402,22.6077,57.8521
19.6668,22.6509,57.6823
19.6475,22.5508,57.8016
19.2807,22.5205,58.1989
18.9022,22.4083,58.6894
19.1948,22.5319,58.2732
18.7347,22.417,58.8483
18.8972,22.5101,58.5927
18.8494,22.4837,58.6669
19.6165,22.7932,57.5902
19.3665,22.6973,57.9362
19.0327,22.5904,58.3769
19.01,22.5731,58.4169
19.0774,22.6169,58.3057
19.0197,22.5742,58.4061
19.0696,22.605,58.3254
19.0542,22.5727,58.3731
18.9636,22.4902,58.5461
18.8908,22.4275,58.6816
19.0964,22.5994,58.3042
19.111,22.6316,58.2575
19.1141,22.6231,58.2628
19.1195,22.6397,58.2407
19.1186,22.6668,58.2146
18.9465,22.5319,58.5216
19.1697,22.7098,58.1205
19.1457,22.6888,58.1654
19.0118,22.6018,58.3864
18.9092,22.4949,58.5959
19.121,22.6732,58.2058
18.7799,22.4665,58.7536
19.1314,22.5053,58.3633
18.3854,22.2459,59.3687
18.6677,22.2978,59.0346
20.1728,22.8793,56.9479
18.8304,22.5442,58.6254
18.6707,22.4608,58.8685
20.2305,22.8759,56.8936
18.6695,22.4687,58.8618
18.6061,22.3188,59.075
18.8031,22.5595,58.6374
18.7004,22.4787,58.8209
18.3792,22.2815,59.3393
18.3278,22.1922,59.48
18.6147,22.4234,58.9619
18.5907,22.3822,59.0272
18.5087,22.3151,59.1762
18.758,22.5462,58.6958
18.656,22.5056,58.8385
18.5137,22.4242,59.062
18.5642,22.4605,58.9752
18.6327,22.4961,58.8713
18.6334,22.5004,58.8662
18.4389,22.3702,59.1909
18.4322,22.4028,59.1649
18.5033,22.4487,59.048
18.6204,22.4813,58.8983
18.6284,22.4525,58.9191
18.7699,22.548,58.6821
18.7288,22.5111,58.7602
18.6593,22.4668,58.874
18.6406,22.4626,58.8968
18.4967,22.3784,59.1249
18.5053,22.3738,59.1209
18.5631,22.4499,58.987
18.3034,22.2969,59.3997
18.2246,22.112,59.6634
17.8273,22.0181,60.1545
18.095,22.2212,59.6838
18.4086,22.3936,59.1978
18.5495,22.4757,58.9748
18.404,22.3378,59.2582
18.6983,22.6114,58.6903
18.752,22.6046,58.6434
18.7983,22.6518,58.5498
18.7571,22.6195,58.6234
18.7868,22.6298,58.5833
18.8367,22.6476,58.5156
18.8918,22.6623,58.4458
18.9205,22.6776,58.4019
18.9504,22.6839,58.3656
18.9595,22.6802,58.3604
19.0041,22.6908,58.3051
19.0982,22.7222,58.1796
19.1676,22.7431,58.0893
19.2241,22.7616,58.0143
19.1967,22.7352,58.0681
19.1964,22.7287,58.0748
19.2649,22.775,57.9601
19.2376,22.7537,58.0087
19.2409,22.7352,58.0238
19.4138,22.8016,57.7846
19.4742,22.8189,57.7069
19.5032,22.8201,57.6767
19.5285,22.8323,57.6392
19.5178,22.8234,57.6588
19.5327,22.8204,57.6469
19.5129,22.8107,57.6763
19.4857,22.7912,57.7231
19.5139,22.7868,57.6993
19.526,22.7939,57.6802
19.5472,22.8081,57.6447
19.5969,22.8275,57.5756
19.703,22.8779,57.4191
19.7145,22.8781,57.4074
19.6646,22.8512,57.4843
19.708,22.865,57.427
19.793,22.8987,57.3083
19.8022,22.9067,57.2911
19.7429,22.8829,57.3742
19.7641,22.8865,57.3494
19.7537,22.8795,57.3667
19.7586,22.8804,57.361
19.738,22.8662,57.3958
19.7056,22.859,57.4355
19.7199,22.8599,57.4202
19.71,22.8487,57.4413
19.8507,22.9086,57.2406
19.8992,22.9284,57.1724
19.8592,22.9118,57.229
19.9649,22.9584,57.0767
20.0033,22.9723,57.0244
19.8755,22.9181,57.2063
19.8061,22.8792,57.3148
19.8654,22.9008,57.2338
19.7109,22.8327,57.4564
19.8682,22.904,57.2277
19.9424,22.9302,57.1274
19.8703,22.8986,57.2311
19.7278,22.8245,57.4477
19.7392,22.8373,57.4235
19.799,22.8676,57.3334
19.9497,22.9331,57.1173
19.9742,22.9498,57.076
19.8622,22.8959,57.2419
20.0583,22.9826,56.9591
19.9733,22.9416,57.0851
19.8898,22.8991,57.2111
19.9245,22.9105,57.165
19.9339,22.91,57.1561
19.9592,22.9309,57.1099
19.882,22.8958,57.2223
19.9628,22.9332,57.104
19.9557,22.9296,57.1147
19.7997,22.8608,57.3394
19.6985,22.8042,57.4973
19.8726,22.8926,57.2347
19.8163,22.8601,57.3237
19.7848,22.8488,57.3665
19.8362,22.8674,57.2964
19.9165,22.9069,57.1766
19.9386,22.913,57.1484
19.9318,22.916,57.1522
19.8639,22.879,57.257
19.8067,22.8399,57.3535
19.9621,22.9269,57.1109
20.03,22.9564,57.0135
19.9884,22.9419,57.0696
19.888,22.8859,57.2261
19.9063,22.8955,57.1982
19.8566,22.8772,57.2661
19.6716,22.7839,57.5445
19.5704,22.7232,57.7064
19.6069,22.7458,57.6473
19.6908,22.7965,57.5127
19.7112,22.8099,57.4788
19.7318,22.8203,57.4479
19.6701,22.7862,57.5437
19.4817,22.6725,57.8458
19.6882,22.7999,57.5119
19.8724,22.8982,57.2293
19.931,22.9167,57.1523
19.8497,22.8809,57.2695
19.837,22.8765,57.2864
19.9455,22.9338,57.1206
19.9878,22.951,57.0612
20.0592,22.9789,56.9618
20.0023,22.9584,57.0392
19.8906,22.9099,57.1994
19.9385,22.9306,57.1309
19.9425,22.9323,57.1252
19.8804,22.8932,57.2265
20.1533,23.0132,56.8335
20.2216,23.049,56.7294
20.2146,23.0397,56.7457
20.3,23.0828,56.6172
20.154,23.0314,56.8146
19.6264,22.7951,57.5785
19.953,22.9619,57.0851
19.9442,22.9598,57.096
19.9774,22.9803,57.0423
19.65,22.822,57.5281
19.6378,22.8274,57.5349
19.7952,22.9082,57.2966
19.7677,22.8997,57.3325
19.7445,22.8957,57.3599
19.7111,22.8911,57.3978
19.6902,22.8751,57.4347
19.6012,22.8363,57.5625
19.5635,22.8142,57.6223
19.5008,22.783,57.7162
19.6822,22.858,57.4598
19.8234,22.9276,57.249
19.678,22.86,57.462
19.6407,22.8358,57.5235
19.8851,22.967,57.1479
19.6673,22.8625,57.4702
19.7046,22.8805,57.415
19.7049,22.8785,57.4166
19.7233,22.8982,57.3785
19.5796,22.8314,57.5891
19.3055,22.6849,58.0096
19.3909,22.7314,57.8777
19.3245,22.6964,57.9791
19.3497,22.7185,57.9318
19.2284,22.6515,58.12
19.2331,22.6562,58.1107
19.2861,22.6893,58.0246
19.3573,22.7298,57.9129
19.4951,22.8053,57.6995
19.4911,22.8037,57.7052
19.538,22.8281,57.6339
19.6283,22.8784,57.4934
19.5737,22.8438,57.5825
19.564,22.8345,57.6014
19.6334,22.869,57.4976
19.463,22.7914,57.7456
19.5048,22.8173,57.6779
19.3434,22.7416,57.915
19.3546,22.7405,57.9049
19.2393,22.6869,58.0738
19.3124,22.7397,57.948
19.1565,22.6552,58.1883
19.1591,22.652,58.1889
19.415,22.7923,57.7926
19.2688,22.724,58.0073
19.0675,22.6022,58.3303
19.0646,22.6102,58.3252
19.146,22.6595,58.1945
19.1391,22.6474,58.2134
19.4331,22.8081,57.7588
19.3063,22.7437,57.95
19.4004,22.7947,57.8049
19.4313,22.8102,57.7585
19.4843,22.8349,57.6808
19.4812,22.8298,57.689
19.4848,22.843,57.6723
19.3648,22.7851,57.85
19.2654,22.7365,57.9981
19.2523,22.7423,58.0054
19.1886,22.7121,58.0993
19.2211,22.7361,58.0428
21.7651,23.1785,55.0564
21.2551,23.1065,55.6384
21.4572,23.1047,55.4381
21.405,23.0981,55.4969
21.8729,23.1333,54.9938
21.3988,23.0897,55.5115
21.1733,23.0858,55.7409
21.1971,23.0777,55.7252
20.7456,23.056,56.1984
19.839,22.9064,57.2546
20.3815,23.0018,56.6167
20.5859,23.0169,56.3971
21.3056,23.1284,55.566
21.0451,23.0654,55.8895
20.5783,22.9934,56.4283
20.7159,23.0329,56.2513
21.3572,23.1113,55.5315
21.2813,23.1013,55.6174
21.3663,23.0898,55.5439
21.4942,23.1465,55.3593
21.9269,23.212,54.8611
21.0461,23.0761,55.8778
21.1245,23.0705,55.805
21.8137,23.1775,55.0089
21.5266,23.1202,55.3532
22.2395,23.1851,54.5753
23.267,23.3023,53.4307
23.3187,23.301,53.3803
23.0967,23.2769,53.6264
22.9816,23.2455,53.7728
22.9058,23.2534,53.8408
22.6695,23.2565,54.074
22.605,23.2823,54.1127
23.3247,23.3426,53.3326
23.3183,23.29,53.3917
23.055,23.3129,53.6322
21.9997,23.2971,54.7032
20.54,22.9777,56.4823
20.0579,22.9257,57.0164
20.0244,22.9476,57.0281
22.4398,23.3261,54.2341
22.4839,23.2373,54.2788
21.6846,23.2487,55.0667
20.9757,23.1008,55.9235
20.5341,23.0119,56.454
20.3095,22.9726,56.7179
21.2036,23.1762,55.6202
21.4652,23.1636,55.3712
20.8553,23.0202,56.1245
21.5265,23.0984,55.3752
22.3484,23.1866,54.4651
22.3586,23.1876,54.4538
22.6568,23.2112,54.132
22.3495,23.1848,54.4657
22.1308,23.166,54.7032
22.802,23.2474,53.9506
22.6631,23.235,54.1019
22.6681,23.2281,54.1038
22.8213,23.2427,53.936
22.6866,23.2352,54.0782
23.0231,23.2739,53.703
22.7536,23.2556,53.9908
22.274,23.1951,54.5309
22.8109,23.251,53.938
22.9271,23.267,53.8058
23.4053,23.3154,53.2793
23.5106,23.3338,53.1557
23.5442,23.3314,53.1244
23.4953,23.3253,53.1794
23.3592,23.3145,53.3263
23.2516,23.309,53.4394
22.9661,23.2745,53.7594
22.8165,23.2568,53.9267
22.4755,23.2173,54.3071
22.4582,23.2313,54.3105
22.1859,23.1872,54.6269
22.2896,23.2125,54.4979
22.382,23.2347,54.3833
22.5634,23.2443,54.1923
22.869,23.2663,53.8646
23.0162,23.2853,53.6985
23.1115,23.2945,53.594
23.1533,23.3029,53.5438
23.169,23.3072,53.5239
23.1838,23.3041,53.512
23.193,23.3055,53.5015
23.1962,23.3047,53.4991
23.2148,23.3058,53.4794
23.2444,23.3145,53.4411
23.2889,23.3136,53.3975
23.3593,23.3239,53.3168
23.3904,23.3335,53.2761
23.3961,23.3347,53.2691
23.4075,23.3444,53.2482
23.4253,23.3524,53.2223
23.4594,23.3612,53.1794
23.5206,23.3727,53.1068
23.5855,23.3844,53.0301
23.6329,23.3918,52.9753
23.6843,23.4087,52.9071
23.7329,23.4261,52.8409
23.7808,23.4441,52.7751
23.8272,23.4631,52.7097
23.8486,23.4819,52.6695
23.8389,23.4881,52.673
23.8398,23.4946,52.6656
23.856,23.4975,52.6465
23.8809,23.5054,52.6138
23.8983,23.5045,52.5972
23.9084,23.5086,52.583
23.9249,23.5142,52.5609
23.9455,23.5201,52.5344
23.957,23.5257,52.5173
23.9647,23.5223,52.513
23.9797,23.5232,52.4971
23.9837,23.509,52.5072
23.9721,23.4972,52.5307
23.9525,23.4949,52.5525
23.935,23.4918,52.5731
23.942,23.4857,52.5723
23.9672,23.4966,52.5361
23.9942,23.5078,52.498
23.9918,23.5016,52.5066
23.966,23.4927,52.5413
23.9506,23.4955,52.5539
23.9539,23.4849,52.5612
23.9113,23.4862,52.6025
23.8359,23.4764,52.6876
23.7774,23.4775,52.745
23.7611,23.4889,52.75
23.8147,23.4933,52.6921
23.9386,23.4957,52.5657
24.1219,23.5101,52.368
24.2954,23.5221,52.1825
24.386,23.5223,52.0917
24.3278,23.536,52.1362
24.1873,23.5277,52.2851
24.0135,23.5237,52.4628
23.8809,23.5154,52.6037
23.7882,23.5166,52.6952
23.7522,23.5207,52.7271
23.8133,23.5284,52.6583
23.8764,23.5293,52.5943
23.9295,23.5394,52.5311
23.9421,23.5361,52.5219
23.9471,23.5341,52.5188
23.9504,23.5384,52.5112
23.9656,23.5337,52.5007
23.9672,23.5285,52.5042
23.9398,23.5191,52.5412
23.9022,23.5176,52.5802
23.8316,23.5187,52.6497
23.7633,23.5205,52.7162
23.7094,23.5131,52.7775
23.6651,23.5146,52.8203
23.6483,23.5125,52.8392
23.6633,23.5109,52.8259
23.6517,23.5125,52.8358
23.6198,23.5093,52.8709
23.579,23.5024,52.9186
23.5251,23.495,52.98
23.4745,23.4822,53.0433
23.4135,23.4709,53.1156
23.3331,23.4661,53.2008
23.2465,23.4605,53.2929
23.1401,23.4417,53.4182
22.9841,23.417,53.5989
22.7492,23.3923,53.8585
22.4523,23.3493,54.1983
22.1326,23.3051,54.5623
21.7677,23.3119,54.9204
21.5897,23.2524,55.1579
21.319,23.2106,55.4703
21.8643,23.2767,54.859
21.9116,23.2655,54.8228
21.9185,23.246,54.8356
21.8141,23.2287,54.9572
21.8222,23.2167,54.961
21.7825,23.2114,55.006
21.6034,23.1862,55.2104
20.384,22.9744,56.6416
20.5915,23.0351,56.3734
20.4537,22.9912,56.5551
20.4017,22.9755,56.6228
20.4854,22.9949,56.5197
20.4884,22.9922,56.5194
20.4922,22.9899,56.5179
20.5405,23.0006,56.4589
20.5208,23.0041,56.4751
20.5479,23.0102,56.4419
20.5096,22.9975,56.4929
20.4537,22.9743,56.572
20.5404,22.9917,56.4679
20.7672,23.057,56.1758
20.5955,23.0163,56.3882
20.6581,23.0291,56.3128
20.6061,23.0142,56.3797
20.7487,23.0527,56.1986
20.7523,23.0503,56.1973
20.887,23.0754,56.0376
20.7274,23.0416,56.2311
20.702,23.0418,56.2562
20.7742,23.0615,56.1643
20.7636,23.0522,56.1842
20.7475,23.0484,56.2041
20.7503,23.0463,56.2034
20.7258,23.0393,56.2349
20.7216,23.04,56.2385
20.7812,23.0475,56.1713
20.8407,23.0637,56.0956
20.83,23.06,56.11
20.87,23.0681,56.0619
20.874,23.0741,56.0518
21.2902,23.1849,55.5249
20.9657,23.0776,55.9567
21.0317,23.0929,55.8755
20.9027,23.0562,56.0411
21.1424,23.1088,55.7489
21.0607,23.09,55.8492
21.0792,23.0826,55.8382
21.2318,23.1122,55.656
21.3377,23.1373,55.5251
21.0608,23.0865,55.8527
21.0105,23.0702,55.9193
21.0166,23.0528,55.9306
20.9539,23.051,55.9951
20.9684,23.0549,55.9767
21.15,23.0926,55.7574
21.2139,23.1057,55.6804
21.1447,23.0872,55.7681
21.3058,23.1439,55.5503
21.189,23.1043,55.7067
21.1675,23.1026,55.7299
21.2596,23.1177,55.6226
21.1315,23.0985,55.7699
21.3341,23.14,55.5259
21.3754,23.1369,55.4878
21.5439,23.1738,55.2823
21.3282,23.1279,55.5439
21.3006,23.1253,55.5741
21.1527,23.083,55.7642
21.215,23.1062,55.6788
21.1321,23.0814,55.7865
21.3346,23.1185,55.5469
21.323,23.0995,55.5775
21.371,23.1068,55.5222
21.2978,23.094,55.6082
21.5001,23.1254,55.3745
21.6105,23.1614,55.2281
21.5448,23.1599,55.2952
21.3459,23.1046,55.5495
21.6451,23.1869,55.1681
21.1646,23.0643,55.7711
21.1626,23.0575,55.7799
21.0803,23.0307,55.889
21.532,23.1307,55.3373
21.2091,23.0543,55.7366
21.1763,23.0491,55.7746
21.6008,23.1208,55.2785
21.502,23.1002,55.3978
21.5447,23.0915,55.3638
21.5102,23.0965,55.3933
21.7384,23.1312,55.1304
21.5229,23.0942,55.3829
21.0956,23.0085,55.8959
21.2425,23.0296,55.7278
21.2581,23.0395,55.7024
21.4106,23.0746,55.5148
21.4027,23.0782,55.5191
21.4728,23.0954,55.4318
21.3112,23.0616,55.6272
21.2026,23.0328,55.7646
21.0445,22.9915,55.9639
21.0436,22.9936,55.9628
20.7236,22.9192,56.3572
20.9757,22.9698,56.0545
21.1752,23.0143,55.8105
21.1001,22.9939,55.906
21.0646,22.992,55.9434
21.0067,22.9843,56.009
20.8355,22.9354,56.2291
20.8885,22.9568,56.1547
20.7591,22.9227,56.3183
20.7918,22.9368,56.2715
20.7833,22.929,56.2877
20.7228,22.9065,56.3707
20.712,22.8957,56.3923
20.6698,22.876,56.4542
20.4901,22.8389,56.6709
20.5824,22.8615,56.5561
20.5174,22.8487,56.6339
20.5222,22.8513,56.6265
20.4759,22.8254,56.6987
20.3319,22.7725,56.8956
20.4647,22.8117,56.7236
20.3659,22.787,56.847
20.411,22.8052,56.7838
20.4138,22.8083,56.7779
20.3735,22.7929,56.8336
20.3497,22.7826,56.8678
20.2739,22.7585,56.9675
20.274,22.7655,56.9605
20.3191,22.7799,56.9011
20.3865,22.8017,56.8117
20.243,22.7487,57.0082
20.3384,22.7812,56.8803
20.302,22.7629,56.9351
20.2877,22.7594,56.9529
21.3129,23.0993,55.5878
20.3461,22.7732,56.8807
20.3631,22.7788,56.858
20.4181,22.7948,56.7871
20.4412,22.8024,56.7564
20.2023,22.7223,57.0753
20.1761,22.7118,57.1121
20.1756,22.7171,57.1073
20.2131,22.7375,57.0494
20.0842,22.6931,57.2227
20.0461,22.6795,57.2744
20.0758,22.6852,57.2391
20.1193,22.7018,57.1789
20.0815,22.6921,57.2264
20.1402,22.7218,57.1381
20.1038,22.7016,57.1946
20.1124,22.713,57.1746
20.1249,22.7103,57.1648
20.1153,22.7097,57.1749
20.2216,22.7404,57.038
20.1598,22.7102,57.1299
20.1283,22.6952,57.1765
20.1409,22.7118,57.1472
20.2,22.7327,57.0672
20.2178,22.7507,57.0315
20.2594,22.7648,56.9757
20.1609,22.7278,57.1114
20.1299,22.7174,57.1528
20.1518,22.7221,57.1261
20.1256,22.7219,57.1524
20.2365,22.7634,57.0002
20.0729,22.6989,57.2282
20.0459,22.6758,57.2783
20.1742,22.7415,57.0843
20.2383,22.7741,56.9876
20.1735,22.7477,57.0788
20.2788,22.7757,56.9456
20.4914,22.8592,56.6494
20.3944,22.8259,56.7797
20.4095,22.8317,56.7588
20.3325,22.8034,56.8641
20.4354,22.8306,56.7339
20.3487,22.8113,56.84
20.282,22.7817,56.9362
20.3293,22.8099,56.8609
20.298,22.8038,56.8981
20.3016,22.8051,56.8932
20.2771,22.7968,56.9261
20.2837,22.7963,56.9199
20.2427,22.7743,56.983
20.2356,22.7832,56.9812
20.2331,22.7797,56.9872
20.88,23.0705,56.0495
20.8954,23.0733,56.0313
20.9082,23.0748,56.017
20.9243,23.0762,55.9995
20.9525,23.0863,55.9612
20.9834,23.0964,55.9202
20.9942,23.0886,55.9173
21.0072,23.095,55.8978
21.0326,23.1006,55.8668
21.0393,23.094,55.8667
21.0502,23.0965,55.8533
21.0872,23.1094,55.8034
21.0908,23.1043,55.8049
21.0968,23.1029,55.8003
21.1599,23.1211,55.719
21.1862,23.1272,55.6865
21.1933,23.1258,55.6809
21.1883,23.1262,55.6855
21.2131,23.1301,55.6569
21.2205,23.1291,55.6504
21.2406,23.1339,55.6255
21.2367,23.1355,55.6278
21.2684,23.1345,55.5971
21.2811,23.1343,55.5846
21.2699,23.1336,55.5965
21.2873,23.1362,55.5765
21.3177,23.1417,55.5406
21.3449,23.147,55.5081
21.3692,23.1533,55.4775
21.3834,23.1591,55.4575
21.3813,23.1569,55.4618
21.3889,23.1527,55.4584
21.3997,23.163,55.4373
21.4227,23.1638,55.4136
21.4331,23.1686,55.3983
21.4346,23.1664,55.3991
21.4604,23.1692,55.3703
21.4972,23.1728,55.33
21.5103,23.1788,55.311
21.5066,23.1741,55.3193
21.5174,23.1712,55.3114
21.5186,23.181,55.3004
21.5244,23.1724,55.3032
21.5197,23.1725,55.3078
21.518,23.1706,55.3115
21.5421,23.1679,55.29
21.5616,23.1753,55.2631
21.567,23.1765,55.2565
21.5785,23.172,55.2495
21.5842,23.1796,55.2362
21.5972,23.1796,55.2232
21.6073,23.1868,55.206
21.6328,23.1878,55.1794
21.6474,23.1924,55.1603
21.6566,23.1828,55.1606
21.6739,23.191,55.135
21.6829,23.1852,55.1319
21.6954,23.1933,55.1112
21.6983,23.1933,55.1084
21.7033,23.1903,55.1064
21.7093,23.1949,55.0958
21.712,23.1919,55.0961
21.7328,23.198,55.0692
21.7378,23.2004,55.0619
21.7573,23.2053,55.0374
21.7777,23.2135,55.0089
21.7888,23.2073,55.0039
21.7977,23.2146,54.9877
21.8242,23.2149,54.9609
21.8295,23.2194,54.951
21.8323,23.2196,54.9481
21.8379,23.2173,54.9448
21.8472,23.2224,54.9304
21.8531,23.2185,54.9284
21.8488,23.2183,54.9329
21.8584,23.2227,54.9189
21.8655,23.2224,54.912
21.8772,23.2254,54.8974
21.8879,23.2294,54.8828
21.8941,23.2298,54.876
21.9023,23.2324,54.8653
21.9079,23.2268,54.8653
21.9081,23.2276,54.8643
21.9124,23.229,54.8587
21.9234,23.2274,54.8492
21.9347,23.2314,54.8339
21.9366,23.2361,54.8273
21.9479,23.23,54.8221
21.9545,23.2371,54.8084
21.9696,23.2424,54.7881
21.9814,23.2431,54.7755
21.9829,23.2424,54.7747
21.9815,23.2369,54.7816
21.9802,23.2316,54.7882
21.9946,23.2346,54.7709
21.987,23.2306,54.7824
21.9936,23.2349,54.7715
21.9983,23.24,54.7617
22.0055,23.2434,54.7511
22.006,23.2447,54.7493
22.0052,23.2373,54.7575
22.0303,23.2446,54.7251
22.0336,23.2439,54.7224
22.0397,23.2435,54.7168
22.0509,23.2485,54.7006
22.0468,23.2487,54.7045
22.0403,23.2481,54.7117
22.0573,23.2531,54.6896
22.048,23.2441,54.7079
22.0432,23.2446,54.7123
22.0434,23.2437,54.713
22.0434,23.2422,54.7144
22.0475,23.2459,54.7066
22.0515,23.2465,54.702
22.0663,23.2502,54.6835
22.0708,23.2506,54.6786
22.0596,23.2472,54.6932
22.0543,23.2481,54.6976
22.0552,23.2509,54.6939
22.0707,23.2498,54.6795
22.0765,23.2523,54.6713
22.0735,23.2493,54.6772
22.0734,23.2488,54.6777
22.0852,23.2491,54.6657
22.077,23.2477,54.6753
22.0791,23.2489,54.672
22.091,23.2489,54.6601
22.0871,23.2553,54.6576
22.0867,23.2534,54.6599
22.0938,23.2505,54.6557
22.0899,23.2573,54.6528
22.0918,23.2588,54.6494
22.0964,23.2579,54.6458
22.0896,23.2541,54.6563
22.0962,23.2556,54.6482
22.093,23.2561,54.6508
22.068,23.252,54.68
22.0805,23.2524,54.6671
22.0854,23.2519,54.6628
22.0803,23.2523,54.6674
22.0747,23.2513,54.6739
22.0748,23.2526,54.6726
22.0711,23.2583,54.6706
22.0734,23.2541,54.6725
22.0772,23.2559,54.6669
22.0764,23.2586,54.6651
22.0839,23.2541,54.662
22.0748,23.257,54.6683
22.0728,23.2563,54.6709
22.0739,23.258,54.6681
22.0652,23.2519,54.6829
22.0584,23.2551,54.6865
22.0615,23.2502,54.6884
22.0613,23.252,54.6867
22.0485,23.2521,54.6993
22.0454,23.2515,54.7031
22.0496,23.2506,54.6997
22.0449,23.2484,54.7067
22.0471,23.252,54.7009
22.0492,23.2551,54.6957
22.0524,23.2522,54.6953
22.0437,23.2512,54.7051
22.0383,23.2504,54.7113
22.0288,23.2505,54.7207
22.0202,23.2539,54.7259
22.019,23.2434,54.7376
22.0123,23.2486,54.7391
22.0069,23.2485,54.7446
22.0179,23.2537,54.7284
22.015,23.2536,54.7315
22.0123,23.2548,54.7329
21.9925,23.2487,54.7588
21.9735,23.2433,54.7832
21.9739,23.2461,54.78
21.9703,23.2451,54.7846
21.9763,23.2467,54.7771
21.9693,23.2442,54.7865
21.9734,23.2489,54.7777
21.9769,23.2418,54.7813
21.9541,23.2429,54.803
19.7973,22.6236,57.5791
19.7461,22.6172,57.6367
