17.2958,21.3555,61.3487
17.253,21.3403,61.4066
17.2374,21.3146,61.448
17.141,21.2616,61.5973
17.0139,21.184,61.8021
16.9845,21.1314,61.884
16.9477,21.1077,61.9447
16.8896,21.0424,62.068
16.7735,20.9818,62.2447
16.7462,20.9272,62.3265
16.6737,20.8566,62.4697
16.499,20.7843,62.7167
16.5003,20.7735,62.7262
16.4331,20.7526,62.8142
16.3616,20.7287,62.9098
16.2633,20.6939,63.0429
16.129,20.6711,63.1999
16.1405,20.6528,63.2068
16.2105,20.6134,63.176
16.0998,20.5411,63.3591
15.9396,20.44,63.6205
15.8862,20.3996,63.7142
15.6877,20.3205,63.9918
15.7072,20.321,63.9718
15.6031,20.2804,64.1165
15.6356,20.2799,64.0845
15.6524,20.2817,64.0659
15.5915,20.2492,64.1594
15.634,20.2458,64.1201
15.5355,20.2112,64.2533
15.4714,20.177,64.3516
15.4184,20.149,64.4326
15.338,20.1086,64.5534
15.1925,20.051,64.7565
15.1238,20.0271,64.8491
15.1163,20.0129,64.8708
14.9642,19.9561,65.0798
14.9179,19.9145,65.1676
14.8235,19.8565,65.32
14.7662,19.8099,65.4239
14.7509,19.7696,65.4795
14.6827,19.7331,65.5843
14.6086,19.6709,65.7205
14.6282,19.6355,65.7363
14.6177,19.5788,65.8035
14.6528,19.5554,65.7918
14.6498,19.5113,65.8389
14.5286,19.4208,66.0506
14.3646,19.3399,66.2955
14.3173,19.2931,66.3896
14.39,19.2992,66.3108
14.3491,19.2526,66.3982
14.1614,19.1648,66.6738
14.202,19.1656,66.6324
14.2277,19.1606,66.6116
14.1026,19.0829,66.8145
14.0266,19.0394,66.9339
14.0162,19.0015,66.9824
14.1832,19.0363,66.7804
14.3218,19.0636,66.6147
15.0539,21.4603,63.4858
14.9731,21.4201,63.6069
14.8535,21.3673,63.7792
14.7507,21.3215,63.9278
14.6144,21.2542,64.1314
14.514,21.1994,64.2865
14.4304,21.1589,64.4107
14.3367,21.1132,64.55
14.2335,21.0499,64.7166
14.1093,20.9959,64.8948
14.0286,20.9399,65.0315
13.9369,20.8903,65.1728
13.8444,20.8357,65.3199
13.6892,20.75,65.5608
13.5929,20.6872,65.7199
13.4742,20.6194,65.9064
13.3855,20.5689,66.0456
13.2603,20.4894,66.2503
13.158,20.4242,66.4179
13.0804,20.3728,66.5468
12.9966,20.3116,66.6918
12.9277,20.262,66.8103
12.8048,20.1769,67.0184
12.7077,20.0948,67.1975
12.6074,20.0222,67.3704
12.5559,19.9649,67.4792
12.4775,19.891,67.6315
12.4078,19.8145,67.7777
12.313,19.7193,67.9677
12.2438,19.6174,68.1388
12.1834,19.5232,68.2935
12.0872,19.4237,68.4891
11.9662,19.2954,68.7384
11.905,19.1963,68.8987
11.8475,19.0749,69.0777
11.7651,18.9876,69.2472
11.7226,18.8982,69.3792
11.7028,18.8149,69.4823
11.7022,18.7602,69.5375
11.6836,18.6698,69.6466
11.5648,18.5395,69.8956
11.5542,18.4662,69.9796
11.4802,18.318,70.2017
11.4151,18.2039,70.381
11.3744,18.0979,70.5277
11.3641,17.9879,70.648
11.4283,17.9032,70.6685
11.4842,17.8183,70.6974
11.5509,17.7351,70.7141
11.6064,17.6179,70.7757
11.7189,17.5495,70.7316
11.8771,17.5071,70.6158
12.0786,17.4912,70.4302
12.3525,17.5227,70.1248
13.045,17.8703,69.0847
14.2823,18.6818,67.0359
15.5264,19.5214,64.9522
16.3929,20.0932,63.5139
16.758,20.2645,62.9775
17.1765,20.4682,62.3553
20.4961,22.6642,56.8397
20.008,22.4575,57.5345
18.9013,21.9918,59.1069
19.0796,22.0532,58.8672
19.2754,22.1361,58.5885
17.4816,21.4209,61.0974
16.8779,21.1286,61.9935
16.9851,21.1336,61.8812
17.4107,21.2724,61.3169
17.9513,21.5308,60.5179
20.1045,22.4064,57.4891
20.6556,22.6054,56.7391
20.3887,22.4912,57.1201
20.3279,22.4378,57.2343
20.2737,22.3958,57.3306
20.4077,22.4519,57.1404
20.5763,22.5317,56.892
20.8888,22.6608,56.4503
20.8795,22.6389,56.4816
20.7778,22.5781,56.644
20.9454,22.6104,56.4442
21.2271,22.6978,56.0751
21.2767,22.6914,56.0319
21.3364,22.6906,55.973
21.2421,22.6189,56.1389
21.1527,22.5461,56.3012
21.159,22.5131,56.3279
21.1472,22.4779,56.3748
20.9293,22.327,56.7437
21.2381,22.4136,56.3482
21.7981,22.6183,55.5837
22.0062,22.6855,55.3082
22.0896,22.692,55.2184
22.0965,22.6723,55.2312
22.1458,22.6535,55.2007
22.152,22.6296,55.2184
22.0886,22.6025,55.3089
21.9984,22.5799,55.4217
21.9322,22.5446,55.5232
21.9434,22.547,55.5095
21.952,22.5274,55.5206
21.8033,22.474,55.7227
21.711,22.4628,55.8262
21.631,22.4378,55.9312
21.568,22.4113,56.0207
21.4273,22.3602,56.2125
21.4142,22.3883,56.1975
21.9909,22.583,55.4261
23.1156,22.8857,53.9987
24.4325,23.1293,52.4382
25.1316,23.1712,51.6972
25.2512,23.0977,51.6511
25.1291,23.0298,51.8412
25.046,23.0061,51.9479
25.0699,23.0173,51.9128
25.2447,23.0416,51.7136
25.4727,23.0661,51.4612
25.6041,23.0272,51.3688
25.4176,22.9449,51.6375
25.1278,22.891,51.9811
14.2321,20.5278,65.2401
14.1244,20.4408,65.4348
14.02,20.3403,65.6397
13.9097,20.2598,65.8305
13.7807,20.1916,66.0277
13.6988,20.1406,66.1606
13.6105,20.1076,66.2819
13.5174,20.046,66.4367
13.4207,19.9975,66.5818
13.2781,19.9138,66.8081
13.1923,19.8384,66.9693
13.074,19.7536,67.1724
12.9746,19.6683,67.357
12.8257,19.558,67.6163
12.7323,19.4923,67.7753
12.6199,19.4089,67.9711
12.507,19.3044,68.1886
12.4136,19.1912,68.3952
12.2663,19.0734,68.6603
12.1637,18.9947,68.8416
12.0399,18.9238,69.0363
11.9139,18.8323,69.2538
11.779,18.6711,69.5499
11.702,18.5545,69.7435
11.6076,18.4651,69.9273
11.502,18.3761,70.1219
11.3603,18.2707,70.369
11.2638,18.192,70.5442
11.1691,18.108,70.723
11.0877,17.9914,70.9209
11.0262,17.8855,71.0883
10.9201,17.7707,71.3092
10.8392,17.6516,71.5092
10.733,17.5525,71.7145
10.6258,17.4414,71.9328
10.4574,17.3337,72.2089
10.3349,17.2331,72.4321
10.2512,17.0983,72.6505
10.1585,16.9768,72.8647
10.0239,16.8321,73.1441
9.92864,16.7026,73.3687
9.88147,16.5507,73.5678
9.8799,16.4049,73.7152
9.7746,16.2335,73.9919
9.73361,16.085,74.1814
9.74832,15.9373,74.3143
9.76612,15.7875,74.4464
9.78875,15.6331,74.5781
9.76393,15.4754,74.7606
9.79984,15.3218,74.8784
9.74855,15.1787,75.0727
9.72886,15.0439,75.2273
9.67729,14.8597,75.463
9.70445,14.7142,75.5814
9.77131,14.5925,75.6362
9.86889,14.4855,75.6456
9.95935,14.3806,75.66
10.0352,14.2651,75.6996
10.172,14.2054,75.6227
10.6888,14.425,74.8862
16.0635,21.6457,62.2908
16.0387,21.6357,62.3256
15.9684,21.6099,62.4217
16.0311,21.6245,62.3444
16.1138,21.635,62.2511
15.8701,21.5509,62.579
15.853,21.5274,62.6196
15.8069,21.4963,62.6968
15.9915,21.544,62.4645
15.574,21.3948,63.0312
15.4098,21.3271,63.2631
15.6541,21.4058,62.9401
15.7458,21.4221,62.8321
16.5754,21.6226,61.802
16.3602,21.5389,62.1009
16.0989,21.4528,62.4483
15.7946,21.3603,62.8451
15.5972,21.2887,63.1141
15.2093,21.1362,63.6545
16.4517,21.4782,62.0701
16.718,21.5199,61.7621
16.6177,21.4544,61.9278
15.2417,21.0471,63.7112
14.9719,20.9262,64.1019
14.9346,20.8744,64.1909
15.4939,21.0308,63.4753
16.1922,21.2221,62.5856
16.9857,21.3538,61.6605
16.2435,21.1004,62.6562
15.9702,21.0023,63.0275
15.932,20.9727,63.0953
15.6539,20.848,63.498
15.5729,20.7997,63.6274
15.4476,20.727,63.8255
14.6482,20.3998,64.952
13.4321,19.9242,66.6436
13.1569,19.8043,67.0388
13.785,20.0254,66.1896
14.3629,20.2328,65.4043
15.5379,20.6535,63.8086
16.1357,20.8244,63.04
17.4194,21.2142,61.3664
18.9527,21.6334,59.4138
19.6284,21.781,58.5906
19.8044,21.7842,58.4113
19.6619,21.6682,58.6699
19.1592,21.418,59.4228
18.2012,21.0209,60.7779
16.9371,20.4894,62.5735
15.9468,20.0723,63.9809
15.202,19.6869,65.1111
14.2161,19.2,66.5839
11.744,18.0696,70.1865
9.81851,17.0511,73.1304
9.30028,16.7224,73.9773
9.10564,16.5912,74.3032
9.75666,16.9435,73.2999
12.4099,18.4229,69.1672
14.9223,19.6275,65.4502
13.8059,18.7671,67.4271
15.5146,20.8536,63.6319
15.3712,20.7565,63.8723
15.1968,20.6901,64.1131
15.1694,20.6555,64.175
15.0718,20.6049,64.3234
15.0276,20.5667,64.4057
14.9607,20.545,64.4944
14.9111,20.5,64.5889
14.8507,20.4606,64.6887
14.7404,20.3903,64.8693
14.6943,20.3389,64.9668
14.5905,20.2928,65.1168
14.5006,20.2597,65.2396
14.354,20.1938,65.4523
14.2829,20.1156,65.6015
14.1886,20.0551,65.7564
14.151,19.9996,65.8494
14.1135,19.908,65.9785
14.0241,19.8203,66.1556
13.9574,19.7592,66.2835
13.9028,19.7017,66.3955
13.8492,19.6527,66.4981
13.7662,19.5894,66.6444
13.6607,19.543,66.7962
13.5153,19.4826,67.0021
13.4118,19.4452,67.143
13.3567,19.4006,67.2428
13.2188,19.3487,67.4325
13.1413,19.2928,67.5658
13.067,19.2377,67.6953
13.0434,19.1826,67.7741
12.9372,19.0923,67.9705
12.9213,19.0416,68.0371
12.8492,18.9848,68.166
12.8217,18.9339,68.2444
12.7991,18.8638,68.3372
12.6506,18.769,68.5805
12.6008,18.7002,68.699
12.5373,18.6394,68.8233
12.4983,18.5916,68.91
12.3966,18.5307,69.0727
12.3239,18.4608,69.2153
12.2774,18.3999,69.3227
12.2423,18.3443,69.4135
12.2089,18.2823,69.5089
12.1685,18.2121,69.6194
12.0934,18.1383,69.7683
12.127,18.0872,69.7858
12.1224,18.0335,69.8441
12.1373,17.9878,69.8749
12.1162,17.919,69.9647
12.1187,17.8577,70.0236
12.1424,17.8127,70.0448
12.1553,17.7542,70.0905
12.1767,17.7077,70.1156
12.1933,17.6485,70.1581
12.3096,17.6584,70.032
12.4239,17.647,69.9291
12.5086,17.6339,69.8575
12.6864,17.6664,69.6472
16.6163,21.5886,61.7951
16.7319,21.6648,61.6033
16.5625,21.6049,61.8326
16.4285,21.5486,62.0229
16.3069,21.4717,62.2213
16.1044,21.3858,62.5098
15.8881,21.2859,62.826
15.8731,21.286,62.8409
15.5172,21.0955,63.3873
15.5806,21.1598,63.2597
15.402,21.0914,63.5066
15.2465,21.0098,63.7437
15.1903,20.9866,63.8232
15.096,20.9453,63.9588
15.0153,20.8948,64.0899
14.937,20.8426,64.2203
14.8961,20.8185,64.2855
14.8916,20.7999,64.3085
14.8112,20.7513,64.4375
14.7305,20.7123,64.5572
14.602,20.6484,64.7496
14.522,20.5896,64.8884
14.4295,20.5254,65.0452
14.3544,20.4598,65.1857
14.2856,20.3907,65.3237
14.242,20.3421,65.4159
14.1722,20.2895,65.5383
14.147,20.2398,65.6132
14.0944,20.1698,65.7358
14.0976,20.1388,65.7635
14.085,20.1073,65.8076
14.0552,20.0679,65.8769
14.4912,20.2866,65.2223
14.8903,20.4729,64.6368
14.9408,20.4761,64.5831
14.9932,20.4852,64.5216
14.6112,20.243,65.1458
14.1599,19.9449,65.8953
13.9676,19.8282,66.2042
14.1578,19.9207,65.9214
14.7997,20.2365,64.9638
14.8528,20.203,64.9442
14.7364,20.1031,65.1604
15.1717,20.2999,64.5283
15.8657,20.6264,63.5079
15.9844,20.6032,63.4124
15.308,20.1426,64.5494
14.7859,19.7873,65.4268
14.5275,19.5871,65.8854
14.3477,19.4468,66.2055
14.4897,19.4945,66.0158
14.7763,19.6365,65.5871
14.9613,19.6947,65.344
15.3141,19.828,64.8579
15.7964,20.0303,64.1733
16.2485,20.2335,63.5181
16.533,20.3401,63.1269
16.7696,20.4219,62.8085
17.0049,20.4902,62.5049
17.1916,20.5446,62.2638
19.6633,23.0871,57.2496
19.6406,23.0939,57.2655
19.6447,23.1138,57.2414
19.6578,23.135,57.2071
19.554,23.0947,57.3513
19.5297,23.1057,57.3646
19.4505,23.0839,57.4656
19.3586,23.0507,57.5907
19.3327,23.0718,57.5954
19.2229,23.0353,57.7418
19.172,23.0265,57.8015
19.1432,23.0192,57.8376
18.9895,22.9681,58.0424
18.91,22.9462,58.1439
18.9363,22.9772,58.0864
18.8883,22.9766,58.1352
18.6111,22.8528,58.5361
18.4206,22.7655,58.8139
18.4179,22.795,58.7871
18.3508,22.7759,58.8733
18.4397,22.8465,58.7137
18.366,22.8429,58.7912
18.1306,22.7303,59.1391
18.0098,22.6756,59.3145
17.8401,22.6103,59.5496
17.7588,22.5867,59.6545
17.5624,22.5049,59.9327
17.5595,22.5443,59.8962
17.5648,22.5754,59.8598
17.3094,22.4196,60.271
17.3148,22.4683,60.2169
17.1618,22.4043,60.4339
17.1229,22.4085,60.4685
17.1259,22.4411,60.433
16.9188,22.3289,60.7523
16.847,22.3284,60.8246
16.8388,22.35,60.8111
16.6958,22.2708,61.0334
16.6376,22.2758,61.0866
16.5497,22.2413,61.2091
16.4239,22.2005,61.3756
16.2849,22.1474,61.5677
16.08,22.0243,61.8957
15.9439,21.9633,62.0928
15.8664,21.9621,62.1715
15.6629,21.8553,62.4818
15.513,21.7946,62.6924
15.2942,21.668,63.0378
15.2072,21.6733,63.1195
15.1168,21.6557,63.2276
14.9943,21.5964,63.4093
14.7955,21.4795,63.7251
14.7364,21.4895,63.7741
14.617,21.4412,63.9419
14.4915,21.3896,64.1189
14.3665,21.3357,64.2979
14.1694,21.1882,64.6424
14.0285,21.1159,64.8556
13.8798,21.0459,65.0743
13.6896,20.9507,65.3597
17.9459,22.1743,59.8797
17.8821,22.1357,59.9822
17.7667,22.0844,60.1488
17.7363,22.0876,60.176
17.7524,22.1343,60.1133
17.6385,22.0607,60.3008
17.5786,22.0674,60.354
17.4956,22.0209,60.4835
17.3751,21.9592,60.6657
17.2798,21.9051,60.8151
17.1693,21.863,60.9677
17.1652,21.9055,60.9294
17.1251,21.9077,60.9673
17.0317,21.8566,61.1117
16.9167,21.7752,61.3081
16.8726,21.7859,61.3416
16.8375,21.7919,61.3706
16.7971,21.7793,61.4236
16.7134,21.7264,61.5602
16.6106,21.6678,61.7217
16.5268,21.6455,61.8277
16.4751,21.632,61.8929
16.3951,21.6032,62.0017
16.2826,21.5245,62.1929
16.2177,21.5348,62.2475
16.1576,21.5365,62.3059
16.111,21.5254,62.3636
16.0788,21.5301,62.3911
15.9983,21.4887,62.5131
15.9052,21.472,62.6228
15.8515,21.4693,62.6792
15.768,21.4333,62.7987
15.6522,21.3683,62.9795
15.5058,21.2551,63.2391
15.3977,21.2165,63.3858
15.3398,21.2094,63.4508
15.2575,21.1795,63.5631
15.1877,21.1641,63.6481
15.1278,21.1498,63.7224
15.0331,21.117,63.8499
14.9243,21.0776,63.998
14.8326,21.0436,64.1239
14.7345,21.0108,64.2547
14.6504,21.0101,64.3396
14.5927,21.0282,64.3792
14.5408,21.0378,64.4214
14.3862,20.9274,64.6864
14.3047,20.8723,64.823
14.2012,20.8647,64.9341
14.0859,20.792,65.1221
13.9637,20.7307,65.3055
13.8565,20.694,65.4495
13.7165,20.6022,65.6813
13.5645,20.5085,65.927
13.4258,20.3948,66.1794
13.3146,20.3154,66.37
13.1692,20.2287,66.602
13.0427,20.1383,66.8189
12.9198,20.1002,66.9801
12.8536,20.1061,67.0403
19.2742,22.4289,58.297
19.1742,22.4078,58.4181
19.1368,22.4081,58.4551
19.0911,22.3986,58.5103
19.0305,22.3797,58.5898
18.9823,22.3669,58.6507
18.8759,22.337,58.7871
18.8107,22.2867,58.9026
18.7487,22.2453,59.006
18.723,22.2677,59.0093
18.6717,22.2566,59.0716
18.5671,22.2402,59.1927
18.4912,22.1711,59.3378
18.4201,22.1071,59.4728
18.3635,22.0446,59.5919
18.2335,22.0511,59.7154
18.1786,22.0448,59.7767
18.1204,22.0306,59.849
18.0562,22.0028,59.941
18.0063,21.9654,60.0283
17.895,21.9,60.205
17.8476,21.9005,60.252
17.7884,21.891,60.3206
17.7249,21.8365,60.4386
17.655,21.7853,60.5598
17.5165,21.7421,60.7415
17.4718,21.7003,60.8279
17.4082,21.6881,60.9037
17.3597,21.6818,60.9585
17.2977,21.6926,61.0097
17.171,21.6559,61.1731
17.1258,21.5901,61.2841
17.0623,21.5503,61.3874
16.9937,21.5248,61.4815
16.8592,21.4526,61.6882
16.7772,21.4235,61.7992
16.7208,21.3708,61.9084
16.6558,21.3281,62.0162
16.6053,21.2852,62.1096
16.4573,21.2179,62.3248
16.3697,21.1823,62.448
16.2809,21.128,62.591
16.2311,21.1011,62.6678
16.1728,21.0633,62.7639
16.051,20.9959,62.9531
15.9865,20.9772,63.0364
15.9224,20.9602,63.1173
15.86,20.9254,63.2147
15.7913,20.885,63.3237
15.6317,20.8121,63.5562
15.5376,20.7528,63.7095
15.4627,20.6876,63.8497
15.3652,20.6191,64.0157
15.1852,20.5361,64.2788
15.0941,20.479,64.4269
15.0168,20.404,64.5791
14.9308,20.3388,64.7305
14.871,20.2825,64.8465
14.7171,20.1873,65.0956
14.6525,20.1169,65.2305
18.3115,22.3608,59.3277
18.2329,22.3002,59.4669
18.1957,22.292,59.5123
18.1524,22.2678,59.5798
18.0824,22.2613,59.6563
18.0346,22.2351,59.7303
17.9497,22.1936,59.8568
17.8712,22.1702,59.9586
17.7897,22.1459,60.0644
17.7387,22.1379,60.1234
17.6382,22.0639,60.298
17.5622,22.0235,60.4143
17.4914,21.988,60.5206
17.4092,21.9559,60.635
17.3532,21.9087,60.7381
17.3112,21.8852,60.8036
17.2495,21.8664,60.8841
17.1918,21.8457,60.9625
17.1158,21.8184,61.0659
17.0394,21.7841,61.1765
16.965,21.7633,61.2717
16.8992,21.7299,61.3708
16.8499,21.7195,61.4306
16.759,21.6866,61.5544
16.6977,21.6602,61.642
16.6425,21.6614,61.6961
16.566,21.6231,61.8109
16.4767,21.6027,61.9206
16.3809,21.5603,62.0588
16.3132,21.5394,62.1474
16.267,21.5269,62.2061
16.2108,21.5263,62.2629
16.1152,21.4985,62.3864
16.0378,21.4567,62.5054
15.975,21.4325,62.5925
15.9097,21.3883,62.702
15.8633,21.3724,62.7644
15.7757,21.3366,62.8877
15.7175,21.313,62.9696
15.6651,21.2962,63.0387
15.6066,21.2818,63.1115
15.5476,21.2475,63.2049
15.4436,21.2073,63.3491
15.3422,21.1781,63.4797
15.2399,21.1415,63.6185
15.1362,21.1027,63.7611
15.041,21.0047,63.9543
14.9312,20.9583,64.1105
14.8435,20.9294,64.2271
14.7543,20.8562,64.3895
14.6813,20.8035,64.5152
14.6012,20.7378,64.661
14.4718,20.6481,64.8801
14.3842,20.5808,65.035
14.2908,20.5229,65.1862
14.1953,20.4806,65.3241
14.0432,20.4348,65.522
13.9463,20.3796,65.6741
13.8402,20.3005,65.8593
13.7493,20.2246,66.0262
21.8695,23.5034,54.6271
22.705,23.6733,53.6216
22.7677,23.6919,53.5404
22.7898,23.7048,53.5054
22.8039,23.7326,53.4635
22.683,23.7148,53.6023
22.6355,23.6899,53.6745
22.9164,23.7267,53.3568
23.1709,23.7501,53.079
23.2965,23.7477,52.9558
23.3035,23.7386,52.958
23.366,23.7203,52.9137
23.6631,23.7276,52.6093
24.0262,23.733,52.2408
24.2276,23.7359,52.0365
24.25,23.7169,52.0331
24.1201,23.6799,52.2001
23.9713,23.6527,52.376
23.8317,23.6245,52.5438
23.6108,23.6117,52.7775
23.3832,23.5965,53.0203
23.2227,23.5768,53.2004
23.0405,23.5664,53.3931
23.0291,23.5775,53.3934
23.2621,23.6319,53.1059
23.439,23.6681,52.8929
23.4254,23.6818,52.8928
23.3586,23.6816,52.9598
22.8326,23.5333,53.634
22.9644,23.6048,53.4307
22.2728,23.303,54.4242
23.1367,23.5986,53.2648
23.3633,23.6526,52.9841
23.3669,23.6408,52.9923
23.3056,23.6349,53.0596
23.2671,23.6322,53.1007
23.2409,23.6239,53.1352
23.2355,23.6079,53.1566
23.2578,23.6036,53.1387
23.3057,23.6112,53.0832
23.3457,23.6205,53.0338
23.4431,23.6303,52.9267
23.5501,23.6331,52.8167
23.6634,23.6406,52.6961
23.7447,23.6444,52.6109
23.7787,23.6452,52.5762
23.8112,23.6481,52.5408
23.8298,23.6495,52.5207
23.7609,23.6365,52.6026
23.5893,23.6064,52.8043
23.3477,23.5534,53.0989
23.1861,23.501,53.3129
22.8477,23.399,53.7533
22.4896,23.3112,54.1991
21.8218,23.158,55.0202
14.2754,20.036,65.6886
20.7738,23.044,56.1821
19.8367,22.6207,57.5427
19.6905,22.562,57.7476
19.8,22.5427,57.6573
20.8027,23.2229,55.9744
20.7675,23.2153,56.0172
20.7152,23.2031,56.0817
20.6808,23.2021,56.1171
20.6445,23.1929,56.1626
20.6007,23.1884,56.2108
20.5553,23.1746,56.2701
20.5062,23.1705,56.3233
20.478,23.1692,56.3528
20.4053,23.162,56.4327
20.3329,23.1564,56.5107
20.291,23.1497,56.5592
20.2576,23.1334,56.609
20.2151,23.1295,56.6554
20.1484,23.1255,56.7261
20.0665,23.1144,56.819
20.0095,23.1013,56.8892
19.9396,23.0937,56.9667
19.8786,23.0821,57.0393
19.8261,23.0747,57.0993
19.7396,23.0536,57.2068
19.6609,23.0423,57.2968
19.5952,23.03,57.3748
19.5203,23.0173,57.4624
19.4586,23.0074,57.534
19.3629,22.9884,57.6486
19.3225,22.9789,57.6986
19.2747,22.9632,57.762
19.217,22.9583,57.8247
19.1565,22.9469,57.8966
19.0448,22.9235,58.0317
19.0147,22.9253,58.06
18.9517,22.9162,58.132
18.7793,22.8849,58.3358
18.6902,22.8694,58.4404
18.735,22.8778,58.3872
18.7052,22.8744,58.4204
18.618,22.8636,58.5184
18.4956,22.8408,58.6637
18.3658,22.8143,58.8199
18.3969,22.812,58.7911
18.3139,22.7903,58.8958
18.214,22.7793,59.0067
18.1588,22.7678,59.0734
18.0825,22.7511,59.1664
18.0256,22.7331,59.2413
17.966,22.7194,59.3146
17.8794,22.7003,59.4203
17.766,22.6752,59.5588
17.657,22.6539,59.6891
17.5937,22.633,59.7733
17.5036,22.615,59.8815
17.4438,22.5927,59.9635
17.3409,22.5687,60.0905
17.2415,22.5279,60.2306
17.133,22.5011,60.366
17.0307,22.4718,60.4975
16.953,22.4474,60.5996
16.8779,22.4251,60.6969
16.7809,22.4009,60.8181
19.5981,22.9481,57.4538
19.9916,23.0705,56.9379
19.4859,22.9456,57.5685
19.5497,22.9702,57.4801
19.6021,22.9846,57.4133
19.4206,22.9328,57.6467
19.3784,22.9128,57.7088
19.3831,22.9151,57.7018
19.6749,22.9839,57.3412
19.6971,22.9855,57.3175
19.5335,22.9445,57.522
19.7502,22.9867,57.2631
19.9859,23.0429,56.9712
19.9977,23.0426,56.9597
20.1509,23.0683,56.7808
20.3081,23.1145,56.5774
20.3208,23.1187,56.5605
20.0138,23.0519,56.9343
19.3592,22.9083,57.7325
18.6304,22.7306,58.639
18.8099,22.7785,58.4116
18.9559,22.8153,58.2288
18.9583,22.8129,58.2288
18.8702,22.7901,58.3397
19.1465,22.8558,57.9977
18.9371,22.7841,58.2788
18.5312,22.6797,58.7891
18.4106,22.6688,58.9207
18.0805,22.5803,59.3392
18.1106,22.577,59.3124
21.7822,23.3526,54.8652
22.4218,23.4501,54.1281
20.095,22.959,56.946
20.5509,23.0502,56.3989
21.0371,23.1289,55.834
20.8116,23.0822,56.1063
21.613,23.2318,55.1552
22.0245,23.2878,54.6878
21.5095,23.2193,55.2712
22.5328,23.3619,54.1053
22.7746,23.3485,53.8769
22.3431,23.2818,54.3751
22.2559,23.2648,54.4793
21.267,23.084,55.649
20.5599,22.9572,56.4829
20.3681,22.9347,56.6972
20.2569,22.9154,56.8277
19.2683,22.7031,58.0286
17.6237,22.3755,60.0008
17.7246,22.4118,59.8636
16.7151,22.1531,61.1317
15.9802,21.9468,62.0731
16.2381,22.025,61.7369
16.0918,21.974,61.9342
16.2354,22.0275,61.7371
16.0693,21.9707,61.96
15.8583,21.9068,62.2349
16.0291,21.9613,62.0096
15.4844,21.7709,62.7447
15.235,21.666,63.099
19.5453,22.7998,57.655
19.5102,22.7692,57.7207
19.4567,22.7542,57.7891
19.3852,22.7334,57.8813
19.3647,22.7416,57.8937
19.5438,22.822,57.6342
19.4762,22.8121,57.7117
19.5938,22.8323,57.574
19.0097,22.6366,58.3537
19.1167,22.6668,58.2165
19.0192,22.6371,58.3438
19.0494,22.6664,58.2843
19.513,22.8441,57.6429
18.684,22.5576,58.7583
18.7328,22.5771,58.6901
18.8577,22.6391,58.5031
18.8745,22.632,58.4935
18.8,22.5775,58.6226
18.766,22.5687,58.6653
18.7231,22.5834,58.6934
18.6624,22.5593,58.7783
18.6017,22.5341,58.8641
18.5582,22.5472,58.8946
18.4588,22.477,59.0642
18.3946,22.4462,59.1592
18.3226,22.4213,59.2561
18.2816,22.4312,59.2873
18.182,22.3998,59.4181
18.0981,22.3813,59.5206
18.0626,22.3814,59.556
18.0042,22.3562,59.6395
17.8907,22.3067,59.8026
17.8558,22.3311,59.8132
17.783,22.2947,59.9223
17.7643,22.3147,59.921
17.6847,22.2729,60.0424
17.5364,22.1889,60.2747
17.4674,22.1707,60.362
17.4587,22.1993,60.342
17.4165,22.1856,60.3979
17.4007,22.2018,60.3974
17.2967,22.1587,60.5445
17.2589,22.1676,60.5735
17.1616,22.1184,60.72
17.0881,22.096,60.8159
17.0644,22.1149,60.8207
17.0431,22.1565,60.8004
16.9416,22.0954,60.9629
16.8616,22.046,61.0925
16.7622,22.0093,61.2285
16.6738,21.9708,61.3554
16.5252,21.8918,61.583
16.5622,21.9882,61.4495
16.4792,21.9435,61.5773
16.3068,21.8132,61.8799
16.2165,21.78,62.0035
16.1119,21.7604,62.1277
15.9982,21.7159,62.2859
15.8585,21.616,62.5255
15.8587,21.6661,62.4752
19.6119,22.8748,57.5132
19.4981,22.8466,57.6553
19.4965,22.8551,57.6484
19.3371,22.8087,57.8542
19.3838,22.8185,57.7976
19.6951,22.9062,57.3986
19.1966,22.766,58.0374
19.1898,22.7646,58.0455
19.1383,22.7654,58.0963
19.165,22.7799,58.0551
19.0944,22.7399,58.1657
19.0428,22.7103,58.2468
19.1068,22.7385,58.1548
19.0814,22.7526,58.1659
19.193,22.7759,58.0311
19.2941,22.7854,57.9205
18.8064,22.6464,58.5472
18.6653,22.5994,58.7353
18.5996,22.5748,58.8256
18.4576,22.5359,59.0065
18.6091,22.5686,58.8223
18.504,22.5422,58.9539
18.3985,22.5124,59.0891
18.8889,22.6356,58.4755
18.4106,22.4894,59.1
18.5119,22.5096,58.9785
18.8889,22.6332,58.4779
18.7669,22.5865,58.6466
18.4711,22.5115,59.0174
19.0526,22.7008,58.2466
18.0849,22.4265,59.4886
18.1147,22.4521,59.4332
18.0839,22.4587,59.4575
17.6803,22.3492,59.9705
18.1516,22.4999,59.3484
17.5644,22.2966,60.1391
17.5847,22.3033,60.112
17.4195,22.2521,60.3285
17.4983,22.2639,60.2378
17.3224,22.1849,60.4926
17.5224,22.2317,60.2459
17.2677,22.1483,60.584
17.4527,22.2114,60.3358
17.4861,22.1991,60.3148
17.5844,22.2359,60.1797
17.6415,22.2365,60.122
17.4081,22.149,60.4429
17.5376,22.1728,60.2896
17.9053,22.2557,59.839
18.2519,22.3479,59.4002
17.4193,22.1106,60.4701
17.4733,22.1623,60.3643
17.2928,22.1241,60.5832
17.8843,22.2915,59.8243
18.4377,22.4133,59.149
18.408,22.3684,59.2236
17.3649,22.0716,60.5635
17.6667,22.1489,60.1845
18.1786,22.2649,59.5564
17.8943,22.2248,59.8809
18.9798,22.4372,58.583
18.9648,22.3624,58.6728
18.9121,22.335,58.753
18.7767,22.3445,58.8788
18.7961,22.364,58.8399
18.7736,22.3487,58.8777
18.8236,22.3285,58.8479
18.7473,22.2953,58.9574
18.7068,22.2571,59.0361
18.586,22.2546,59.1593
18.6104,22.2625,59.1272
18.5316,22.2732,59.1952
18.5966,22.1854,59.218
18.3645,22.2397,59.3957
18.3322,22.1607,59.5071
18.5852,22.0951,59.3197
18.2658,22.1674,59.5668
18.2392,22.1187,59.6421
18.1538,22.0959,59.7502
18.1855,22.0379,59.7766
18.136,22.0155,59.8486
17.9131,21.9896,60.0973
17.8905,21.9512,60.1583
17.8158,21.9213,60.2629
17.766,21.8697,60.3643
17.7031,21.8249,60.472
17.7914,21.848,60.3605
17.529,21.8269,60.6441
17.5387,21.7266,60.7348
17.5669,21.7195,60.7136
17.4396,21.753,60.8074
17.3248,21.7094,60.9658
17.3276,21.64,61.0324
17.2823,21.6668,61.0509
17.2055,21.6495,61.145
17.0943,21.6337,61.272
17.0238,21.5341,61.4421
17.0787,21.5562,61.3652
16.8903,21.5569,61.5528
16.878,21.5387,61.5833
16.7308,21.4579,61.8113
16.7191,21.3851,61.8959
16.6552,21.3578,61.987
16.6055,21.3367,62.0578
16.5596,21.2719,62.1685
16.5968,21.225,62.1782
16.4686,21.2149,62.3165
16.2973,21.1933,62.5094
16.4317,21.1615,62.4068
16.2432,21.0907,62.6661
16.1511,21.0387,62.8102
16.0183,21.0039,62.9778
15.7923,20.9383,63.2694
15.8285,20.8629,63.3086
15.9577,20.7948,63.2475
15.8083,20.7566,63.435
15.7582,20.6868,63.555
15.8876,20.6807,63.4316
15.5703,20.587,63.8427
15.8389,20.6383,63.5228
20.2762,22.9727,56.7511
20.1743,22.9592,56.8665
20.0955,22.9179,56.9866
20.3243,22.9639,56.7118
19.9607,22.8907,57.1486
20.1712,22.9341,56.8947
20.1537,22.945,56.9013
20.0972,22.9587,56.9441
19.9896,22.9191,57.0913
19.7474,22.843,57.4097
19.78,22.8852,57.3348
20.3804,23.0426,56.577
19.9465,22.9414,57.112
19.6405,22.8752,57.4844
19.5195,22.8158,57.6647
19.6791,22.8502,57.4707
19.4405,22.7822,57.7774
19.3035,22.7186,57.9779
19.163,22.6462,58.1909
19.4929,22.7276,57.7796
19.7095,22.8039,57.4866
19.518,22.7349,57.7471
19.427,22.73,57.843
19.283,22.7191,57.9979
18.9508,22.5809,58.4683
19.4126,22.7514,57.8361
19.0727,22.6217,58.3056
18.9337,22.6174,58.4489
18.9996,22.6118,58.3886
18.8147,22.5331,58.6522
19.0124,22.5805,58.4071
18.9959,22.5761,58.428
19.5314,22.7359,57.7327
18.9236,22.5931,58.4833
18.5119,22.4636,59.0245
18.1433,22.3618,59.4949
18.2687,22.3932,59.3381
18.3407,22.4361,59.2233
17.9889,22.284,59.7271
17.9141,22.2725,59.8133
17.8709,22.2514,59.8778
18.0843,22.3322,59.5835
18.169,22.3797,59.4513
17.7133,22.2114,60.0754
17.4479,22.1284,60.4237
17.4174,22.1073,60.4753
17.772,22.1991,60.0289
17.1622,21.9863,60.8515
17.6412,22.1911,60.1676
18.3939,22.3731,59.233
17.5668,22.1138,60.3194
16.8132,21.8528,61.334
17.7045,22.1684,60.1271
18.1102,22.2617,59.6281
17.5179,22.0819,60.4002
18.3006,22.3316,59.3677
17.9961,22.2927,59.7112
17.4344,22.1155,60.4501
18.0301,22.2966,59.6733
19.5472,22.7339,57.7189
19.4901,22.7275,57.7825
19.4901,22.7283,57.7815
19.4507,22.7255,57.8238
19.4019,22.7106,57.8875
19.2172,22.6232,58.1596
19.2327,22.6566,58.1107
19.199,22.6364,58.1646
19.1936,22.6502,58.1562
19.133,22.6145,58.2525
19.1261,22.6385,58.2353
19.1444,22.6651,58.1906
18.9978,22.5816,58.4206
18.9875,22.6007,58.4118
18.9325,22.5902,58.4773
18.8544,22.5745,58.5712
18.8052,22.5453,58.6496
18.8066,22.5626,58.6308
18.714,22.5075,58.7785
18.6983,22.5271,58.7746
18.6317,22.5219,58.8464
18.548,22.4878,58.9642
18.4833,22.4609,59.0558
18.4454,22.4424,59.1122
18.4059,22.4404,59.1537
18.3249,22.4198,59.2553
18.2982,22.4039,59.298
18.3427,22.4464,59.2108
18.32,22.4296,59.2504
18.2082,22.3914,59.4005
18.143,22.3837,59.4733
18.0619,22.345,59.5932
17.9741,22.3097,59.7161
17.926,22.3145,59.7595
17.8423,22.2732,59.8846
17.7475,22.2522,60.0004
17.6566,22.2099,60.1335
17.5788,22.1739,60.2473
17.4827,22.1335,60.3838
17.418,22.1025,60.4795
17.3137,22.0674,60.6188
17.2743,22.0561,60.6696
17.2919,22.0936,60.6145
17.2562,22.0796,60.6642
17.213,22.0551,60.7319
17.1237,22.0318,60.8446
17.0307,21.9964,60.9729
16.9405,21.9619,61.0976
16.869,21.91,61.221
16.7769,21.9065,61.3166
16.7528,21.9134,61.3338
16.7134,21.924,61.3626
16.6709,21.9166,61.4125
16.5773,21.8895,61.5332
16.5006,21.8676,61.6318
16.3657,21.7805,61.8538
16.2664,21.7305,62.003
16.1562,21.6877,62.156
16.0161,21.6254,62.3585
15.9486,21.5898,62.4616
15.8293,21.526,62.6447
18.753,22.318,58.9289
18.6927,22.3134,58.9939
18.6728,22.2721,59.0551
18.6012,22.258,59.1409
18.6388,22.2419,59.1194
20.0074,22.7459,57.2467
19.3428,22.474,58.1832
19.5748,22.5607,57.8644
19.0761,22.364,58.5599
18.3014,22.0639,59.6347
18.1211,22.0752,59.8037
18.1402,22.0233,59.8365
18.0589,22.0331,59.908
17.9401,21.9734,60.0865
17.8464,21.9325,60.2211
17.7794,21.899,60.3215
17.7281,21.9037,60.3682
17.7048,21.9004,60.3949
17.6089,21.8301,60.561
17.5626,21.8301,60.6073
17.443,21.7883,60.7687
17.4469,21.7865,60.7666
17.343,21.7375,60.9196
17.2554,21.7043,61.0403
17.2014,21.6872,61.1114
17.1643,21.6743,61.1613
17.0925,21.635,61.2725
16.9855,21.6067,61.4078
16.9432,21.569,61.4878
16.9038,21.5412,61.555
16.8016,21.5009,61.6974
16.7753,21.4854,61.7394
16.778,21.4851,61.7369
16.6352,21.4102,61.9546
16.6014,21.3817,62.0169
16.5081,21.3304,62.1615
16.5097,21.316,62.1743
16.3779,21.238,62.3841
16.2732,21.1737,62.5531
16.3754,21.2211,62.4034
16.2892,21.1655,62.5454
16.6924,21.3428,61.9648
16.4618,21.2399,62.2982
16.1001,21.0515,62.8484
15.8489,20.9367,63.2144
15.8118,20.9178,63.2704
15.8375,20.9182,63.2443
15.8212,20.8999,63.2789
15.7029,20.839,63.4581
15.4546,20.7287,63.8167
15.659,20.8448,63.4962
15.6784,20.8788,63.4428
15.2685,20.6541,64.0773
15.2348,20.6402,64.1249
15.1349,20.6051,64.26
15.382,20.7309,63.8871
15.9314,21.0077,63.0609
14.9884,20.4862,64.5254
14.8999,20.4151,64.685
14.9343,20.4551,64.6106
18.9523,22.2048,58.8429
18.8864,22.1689,58.9447
18.8446,22.1278,59.0277
18.8149,22.1037,59.0814
18.7569,22.0707,59.1724
18.6695,22.0255,59.305
18.6486,21.9853,59.3661
18.5824,21.942,59.4756
18.4731,21.8993,59.6277
18.4046,21.8498,59.7456
18.3812,21.8488,59.77
18.7753,22.0317,59.193
17.9478,21.6007,60.4515
17.9169,21.546,60.5371
18.8432,22.0066,59.1501
19.7969,22.4552,57.7479
19.3738,22.204,58.4222
18.9497,21.9721,59.0782
17.9697,21.4621,60.5682
18.3357,21.6339,60.0304
18.6378,21.7583,59.6039
19.8207,22.2882,57.8911
20.2002,22.4205,57.3793
20.0332,22.2978,57.669
19.5283,22.0436,58.4281
18.7744,21.6798,59.5458
18.992,21.7825,59.2255
19.6431,22.0871,58.2698
20.4903,22.4558,57.0539
20.2722,22.3416,57.3863
19.6979,22.0616,58.2405
19.2509,21.876,58.8731
18.9922,21.8045,59.2033
19.2003,21.9493,58.8504
18.8977,21.8434,59.2588
18.773,21.8117,59.4152
18.1354,21.4812,60.3834
17.5547,21.2076,61.2377
17.4366,21.1401,61.4234
17.8251,21.3661,60.8088
18.4489,21.6921,59.8589
18.7766,21.8538,59.3696
18.5924,21.7425,59.6652
18.5692,21.6987,59.7322
18.8759,21.8512,59.273
19.0101,21.8737,59.1161
19.3507,22.0397,58.6096
19.1062,21.9101,58.9837
19.0584,21.889,59.0525
19.0479,21.9006,59.0515
18.9722,21.8904,59.1375
18.7581,21.803,59.4389
18.4837,21.6876,59.8287
17.7032,21.297,60.9997
17.4305,21.2146,61.355
17.0036,21.0332,61.9631
16.4504,20.776,62.7736
15.9442,20.5491,63.5067
15.5784,20.3582,64.0634
15.0994,20.1014,64.7993
22.7617,23.3498,53.8885
22.6034,23.3132,54.0834
22.5533,23.3047,54.1419
22.517,23.302,54.181
22.4747,23.2865,54.2387
22.4792,23.3003,54.2205
22.4894,23.3034,54.2071
22.5148,23.3123,54.1729
22.5455,23.3155,54.139
22.5177,23.3103,54.172
22.5122,23.3074,54.1804
22.5572,23.3154,54.1274
22.7647,23.3687,53.8665
22.6739,23.3476,53.9785
22.6377,23.3282,54.0341
22.8397,23.3819,53.7784
22.8749,23.3907,53.7344
23.045,23.43,53.525
23.0837,23.4402,53.476
23.1082,23.4442,53.4476
23.081,23.4456,53.4734
23.092,23.451,53.457
23.0989,23.455,53.4461
23.086,23.4483,53.4657
23.01,23.4394,53.5506
22.9406,23.4306,53.6287
22.8564,23.4114,53.7322
22.7766,23.4016,53.8219
22.707,23.3885,53.9045
22.5864,23.367,54.0465
22.4871,23.3487,54.1641
22.3497,23.3377,54.3126
22.1851,23.3165,54.4984
21.8722,23.2714,54.8564
21.3407,23.1387,55.5207
21.2869,23.1347,55.5784
20.6324,22.9601,56.4074
20.6975,22.9975,56.305
20.5298,22.9568,56.5134
19.5473,22.615,57.8377
18.9105,22.3657,58.7238
18.5386,22.2117,59.2498
18.4947,22.1341,59.3712
19.4945,22.4771,58.0283
19.2851,22.4215,58.2935
19.2617,22.4529,58.2854
19.4997,22.551,57.9493
19.0025,22.3581,58.6393
19.5223,22.5521,57.9256
19.5461,22.5605,57.8935
19.3027,22.443,58.2543
19.0173,22.2753,58.7074
19.033,22.2424,58.7246
19.5188,22.4262,58.055
19.6528,22.4179,57.9293
19.8013,22.4366,57.7621
20.0785,22.4983,57.4232
20.3525,22.5669,57.0806
20.5113,22.597,56.8916
21.1408,22.8146,56.0447
20.6121,23.0091,56.3788
20.6853,23.0122,56.3025
20.5363,22.9546,56.5091
20.6582,22.9506,56.3913
20.6871,22.9697,56.3433
20.5849,22.9522,56.4629
20.6394,22.9533,56.4073
20.6604,22.9655,56.3741
20.6413,22.9596,56.3991
20.6448,22.952,56.4032
20.4908,22.9221,56.5871
20.6235,22.926,56.4505
20.4707,22.9058,56.6235
20.3461,22.8914,56.7625
20.1004,22.8081,57.0915
20.217,22.8802,56.9028
20.0354,22.7943,57.1703
19.8279,22.7486,57.4235
19.9431,22.8003,57.2566
20.0462,22.7769,57.1769
20.3009,22.8204,56.8787
20.3214,22.7961,56.8825
20.3195,22.8095,56.871
20.5302,22.881,56.5888
20.529,22.8578,56.6132
20.739,22.9324,56.3287
20.5668,22.8651,56.5681
20.487,22.8647,56.6483
20.5135,22.8495,56.637
20.4354,22.8734,56.6912
20.4707,22.8604,56.6689
20.2354,22.7761,56.9884
21.1944,23.0896,55.7161
20.7003,22.8778,56.4219
20.9336,22.9736,56.0928
20.8842,22.9602,56.1556
21.2208,23.0995,55.6797
20.7327,22.9523,56.3149
20.0085,22.7014,57.2902
19.7509,22.6775,57.5716
19.8882,22.7143,57.3975
20.4962,22.9054,56.5983
20.2167,22.7555,57.0278
20.9652,23.1007,55.9341
19.5336,22.4932,57.9732
18.7615,22.222,59.0165
19.0273,22.4429,58.5298
18.5461,22.2548,59.1991
19.2964,22.6442,58.0594
19.0443,22.5071,58.4486
17.6931,21.9587,60.3482
17.8037,22.0477,60.1486
17.8612,22.0342,60.1045
18.2404,22.2484,59.5112
17.9215,22.0528,60.0257
17.1128,21.7122,61.175
17.9423,22.2201,59.8376
17.8029,22.1214,60.0758
17.9615,22.1715,59.867
17.2625,21.8505,60.887
20.6212,23.2798,56.099
20.534,23.2585,56.2075
20.2769,23.096,56.6271
20.3318,23.1588,56.5094
20.2555,23.1269,56.6176
20.2278,23.1335,56.6387
20.2584,23.1706,56.571
20.2538,23.188,56.5582
20.1831,23.1461,56.6708
20.1182,23.112,56.7698
20.036,23.1107,56.8533
19.8993,23.0399,57.0608
20.0049,23.1069,56.8883
19.9909,23.1245,56.8847
19.9143,23.067,57.0187
19.8982,23.1016,57.0002
19.8112,23.0554,57.1334
19.8506,23.1024,57.0471
19.7487,23.0716,57.1797
19.7048,23.0676,57.2276
19.6191,23.0256,57.3553
19.4658,22.9433,57.5909
19.5595,23.0071,57.4334
19.4808,22.9892,57.53
19.3404,22.9079,57.7517
19.3019,22.9068,57.7914
19.2368,22.8769,57.8863
19.2515,22.9201,57.8284
19.1752,22.8949,57.9299
19.0922,22.8793,58.0285
19.0706,22.889,58.0404
18.9889,22.8785,58.1325
18.9003,22.8298,58.27
18.8388,22.8035,58.3577
18.7935,22.8141,58.3924
18.8006,22.8421,58.3573
18.7423,22.8263,58.4314
18.535,22.7252,58.7398
18.5191,22.7278,58.7532
18.4265,22.7078,58.8657
18.4188,22.726,58.8553
18.3355,22.686,58.9785
18.3668,22.7166,58.9166
18.3395,22.7174,58.9432
18.2592,22.6939,59.0469
18.2308,22.6966,59.0726
18.2399,22.7215,59.0386
18.2793,22.7518,58.9689
18.1912,22.7159,59.0929
18.0474,22.679,59.2736
17.8863,22.6129,59.5009
17.7911,22.5667,59.6423
17.7704,22.606,59.6236
17.6967,22.5848,59.7184
17.5837,22.5508,59.8656
17.5111,22.533,59.9559
17.4732,22.5204,60.0064
17.3059,22.4523,60.2418
17.2621,22.4365,60.3014
17.094,22.3505,60.5555
19.2548,22.6786,58.0666
19.2552,22.6715,58.0733
19.24,22.6625,58.0975
19.1072,22.6349,58.2579
19.141,22.6446,58.2143
19.08,22.645,58.275
19.1286,22.6544,58.217
19.1048,22.64,58.2552
18.9369,22.5803,58.4828
21.4454,23.8287,54.7259
23.1243,24.6562,52.2195
19.3097,22.7099,57.9803
19.1675,22.6185,58.214
19.1037,22.5997,58.2966
18.8232,22.4753,58.7015
18.5915,22.4031,59.0054
18.704,22.498,58.798
18.6607,22.5267,58.8127
18.3365,22.418,59.2455
18.081,22.3494,59.5696
18.0471,22.3421,59.6108
18.417,22.5417,59.0413
18.0763,22.3812,59.5426
18.1184,22.4206,59.461
18.0112,22.3849,59.6039
17.9884,22.3729,59.6387
17.9632,22.3364,59.7004
17.9034,22.3069,59.7897
17.9823,22.3144,59.7033
18.0736,22.347,59.5794
17.9687,22.3137,59.7176
17.8905,22.2894,59.8201
17.6855,22.2251,60.0893
17.6383,22.2115,60.1501
17.5424,22.1895,60.268
17.3226,22.1179,60.5595
17.3513,22.1188,60.5298
17.3922,22.1105,60.4973
17.6195,22.2011,60.1794
17.403,22.0925,60.5045
17.0987,21.9736,60.9278
17.2007,21.9927,60.8066
17.1923,21.9708,60.8369
17.1239,21.9237,60.9524
16.9737,21.853,61.1733
16.8207,21.7973,61.382
16.6766,21.7463,61.5771
16.5132,21.6901,61.7967
16.4672,21.6597,61.8731
16.3004,21.6128,62.0867
16.3252,21.5859,62.0889
16.2691,21.5463,62.1847
16.3464,21.5292,62.1244
16.3487,21.4983,62.153
16.2752,21.4307,62.2941
16.2695,21.3737,62.3568
16.2819,21.3352,62.3828
16.4332,21.3754,62.1914
16.8914,21.5973,61.5113
16.1326,21.2403,62.6271
18.7828,22.3157,58.9015
18.6865,22.2813,59.0321
18.6108,22.2382,59.151
18.5993,22.2223,59.1785
18.5668,22.1869,59.2464
18.4808,22.1371,59.3821
18.4014,22.1051,59.4935
18.4847,22.1344,59.3809
19.2109,22.4766,58.3124
18.8576,22.2798,58.8626
18.6519,22.2061,59.142
18.41,22.1166,59.4734
18.405,22.1322,59.4628
18.3645,22.1092,59.5262
18.3569,22.1125,59.5305
18.4978,22.1719,59.3302
18.4269,22.1176,59.4555
18.2249,22.0421,59.7331
18.0939,21.9899,59.9162
18.131,22.0027,59.8663
17.9602,21.9141,60.1256
17.7771,21.8204,60.4025
17.6655,21.7488,60.5857
19.3443,22.7219,57.9338
21.0435,23.7073,55.2492
20.9181,23.6416,55.4403
18.0771,21.9352,59.9877
17.8916,21.8616,60.2468
17.8018,21.8416,60.3566
17.4506,21.6794,60.87
17.6582,21.7969,60.545
17.5469,21.7538,60.6994
17.3295,21.6331,61.0374
17.3467,21.6414,61.012
17.324,21.65,61.026
17.1833,21.5865,61.2302
17.1801,21.5934,61.2266
17.0081,21.5037,61.4882
16.99,21.4954,61.5145
16.9326,21.479,61.5883
16.9322,21.4891,61.5787
16.8001,21.4271,61.7728
16.8132,21.4315,61.7553
16.6279,21.3547,62.0174
16.7652,21.4348,61.8
16.6993,21.3924,61.9084
16.6573,21.354,61.9887
16.5378,21.2576,62.2046
16.5872,21.2463,62.1665
16.7428,21.2996,61.9576
17.1589,21.5217,61.3193
17.1374,21.5056,61.3569
17.0072,21.4295,61.5633
16.7329,21.2831,61.984
16.5105,21.1636,62.3259
16.396,21.0986,62.5055
16.2781,21.0324,62.6895
16.2119,20.9968,62.7912
16.137,20.9629,62.9001
16.121,20.9392,62.9398
21.223,23.3485,55.4285
20.9841,23.2968,55.7191
20.6586,23.2144,56.127
20.272,23.1175,56.6105
19.9599,23.0534,56.9866
19.6959,22.9873,57.3169
19.4874,22.9175,57.5951
19.3508,22.8911,57.7582
19.2078,22.8669,57.9253
19.1171,22.8546,58.0283
18.9976,22.8447,58.1577
18.8844,22.8645,58.2511
18.7928,22.8879,58.3193
18.6571,22.8893,58.4536
18.4678,22.8443,58.6879
18.1263,22.7068,59.1669
14.3608,19.9317,65.7075
15.0298,20.3649,64.6053
17.9993,22.6361,59.3646
15.7144,20.7809,63.5047
15.6075,20.7089,63.6836
15.3642,20.6243,64.0115
16.9191,21.688,61.3929
16.5829,21.4482,61.9689
16.3471,21.2803,62.3727
16.0859,21.121,62.793
16.399,21.2564,62.3446
16.3736,21.2054,62.4209
16.6096,21.2494,62.141
16.0665,20.8832,63.0503
16.4338,21.0518,62.5143
17.6769,21.9248,60.3983
17.7906,22.0772,60.1321
17.0088,21.4476,61.5436
18.8971,22.9341,58.1688
17.8131,21.9004,60.2866
18.4325,22.2544,59.3131
19.0339,22.5831,58.383
19.3045,22.7447,57.9508
18.8686,22.4334,58.698
17.2383,21.2083,61.5534
17.6769,21.7265,60.5966
17.4496,21.7176,60.8329
16.9272,21.4622,61.6107
16.0521,20.8313,63.1167
16.0391,20.8003,63.1606
15.8577,20.6161,63.5262
15.639,20.4276,63.9334
15.1663,20.1345,64.6992
15.0023,20.043,64.9546
15.3111,20.1921,64.4968
15.8571,20.4458,63.6971
16.4256,20.7108,62.8637
17.361,21.2933,61.3457
17.5296,21.3683,61.1021
17.4508,21.2517,61.2976
17.8328,21.5425,60.6247
18.6427,22.204,59.1533
18.6458,22.2553,59.0988
18.4032,22.0929,59.504
18.6139,22.9106,58.4755
