14.2774,18.9974,66.7252
14.2037,18.9169,66.8794
14.2364,18.8739,66.8897
14.4641,18.95,66.5858
14.5694,18.9695,66.4611
14.517,18.908,66.5751
14.4984,18.8554,66.6462
14.5084,18.8462,66.6455
14.4338,18.8254,66.7408
14.7709,19.0628,66.1663
14.9313,19.1397,65.929
14.9874,19.1269,65.8856
14.9361,19.0715,65.9923
15.0812,19.1339,65.7849
15.1623,19.1206,65.7171
15.4204,19.2444,65.3352
15.5071,19.2433,65.2496
15.2969,19.0405,65.6626
15.6106,19.2195,65.1699
15.8021,19.321,64.8769
15.8594,19.348,64.7926
15.8778,19.2582,64.8639
15.9884,19.2705,64.7411
15.9911,19.2993,64.7097
16.0887,19.3388,64.5725
16.2499,19.3041,64.446
16.1847,19.1703,64.645
16.1877,19.2161,64.5962
16.6447,19.5302,63.8251
16.9047,19.6099,63.4854
17.1326,19.6863,63.1811
17.279,19.6315,63.0894
17.4535,19.6356,62.9109
17.3856,19.5568,63.0576
17.3324,19.506,63.1616
17.7359,19.7293,62.5348
18.0744,19.8541,62.0715
18.3626,19.9583,61.6791
18.6878,20.0929,61.2194
18.9632,20.1971,60.8397
19.2001,20.2887,60.5112
19.4414,20.3785,60.1801
19.5691,20.3891,60.0418
19.7552,20.4204,59.8244
20.0286,20.4912,59.4802
20.3679,20.5956,59.0365
20.6447,20.6601,58.6952
21.0101,20.7512,58.2387
21.3769,20.8266,57.7965
21.7471,20.9047,57.3482
22.0905,20.9706,56.9389
22.54,21.0991,56.3609
23.0407,21.2507,55.7085
23.556,21.4015,55.0425
24.035,21.5251,54.4399
24.3946,21.6437,53.9617
24.9205,21.8728,53.2068
25.6793,22.2051,52.1156
26.4397,22.5076,51.0527
27.1365,22.8024,50.0611
17.4961,20.5827,61.9212
17.7076,20.5854,61.707
17.8759,20.5948,61.5293
18.0839,20.6023,61.3139
18.2937,20.5968,61.1096
18.5061,20.5804,60.9136
18.704,20.5641,60.7318
18.9933,20.5928,60.414
19.3216,20.6343,60.0441
19.6708,20.6863,59.6429
20.0087,20.7458,59.2455
20.4647,20.84,58.6952
20.9663,20.9678,58.0658
21.5139,21.1309,57.3551
22.0839,21.3113,56.6049
22.7993,21.5568,55.6439
23.5678,21.841,54.5912
24.3896,22.1672,53.4432
25.3035,22.5566,52.1399
26.1306,22.9432,50.9262
26.8957,23.3224,49.7819
27.5699,23.6777,48.7525
28.0771,23.9608,47.9621
28.4272,24.1647,47.4081
28.6019,24.2786,47.1195
28.6219,24.2898,47.0883
28.5425,24.2088,47.2487
28.3616,24.0642,47.5742
28.1964,23.901,47.9026
28.0495,23.7145,48.2359
27.9445,23.5292,48.5263
27.8778,23.3687,48.7535
27.8793,23.2382,48.8825
27.9295,23.1279,48.9426
27.9947,23.0255,48.9798
28.0259,22.9147,49.0594
28.0625,22.7935,49.144
28.2135,22.6997,49.0868
28.5735,22.6812,48.7453
29.2102,22.7626,48.0272
30.0952,22.9443,46.9606
31.227,23.2594,45.5136
32.4856,23.569,43.9453
33.6727,23.8746,42.4527
34.7178,24.1675,41.1147
35.4484,24.4452,40.1064
36.0819,24.6612,39.2569
36.6147,24.8006,38.5847
37.0587,24.9993,37.942
37.4377,25.2194,37.343
37.6502,25.4072,36.9426
37.6919,25.5824,36.7257
38.0061,25.9137,36.0802
37.8653,25.9999,36.1349
37.8436,26.3269,35.8295
37.4478,26.6916,35.8605
37.5322,26.9696,35.4983
38.1585,27.4765,34.365
37.2565,28.7355,34.0081
38.0383,29.6836,32.2781
25.0789,22.8714,52.0497
25.2901,22.8465,51.8634
25.0629,22.7165,52.2206
24.5098,22.5454,52.9449
23.8269,22.3347,53.8384
23.419,22.2197,54.3613
23.1017,22.0854,54.8128
22.4998,21.8876,55.6126
22.2209,21.8101,55.969
22.128,21.7691,56.1028
22.0247,21.7357,56.2396
21.9122,21.7074,56.3804
21.8461,21.6785,56.4754
21.8806,21.6745,56.4449
22.076,21.7146,56.2094
22.4234,21.7951,55.7815
22.8515,21.8812,55.2673
23.2873,21.9772,54.7354
23.7973,22.0922,54.1105
24.3442,22.2183,53.4375
24.7563,22.2795,52.9642
24.874,22.2578,52.8682
24.8266,22.15,53.0234
24.5594,21.9365,53.5041
24.0976,21.6282,54.2742
23.5027,21.2232,55.2742
23.6641,20.8426,55.4933
24.2441,20.5851,55.1708
24.8941,20.3786,54.7272
25.5169,20.2164,54.2667
25.4604,20.0157,54.5239
24.8649,19.8245,55.3106
24.8579,19.6375,55.5046
25.3141,19.6196,55.0663
26.6567,20.1569,53.1864
28.9002,21.3682,49.7315
30.8247,22.4251,46.7502
31.4987,22.758,45.7433
31.634,22.6793,45.6866
31.6089,22.538,45.853
31.5397,22.3402,46.1202
31.458,22.1724,46.3696
31.3878,21.9944,46.6178
31.2992,21.836,46.8648
31.3036,21.7044,46.992
31.3374,21.5823,47.0803
31.4752,21.4962,47.0285
31.6211,21.419,46.9599
31.9453,21.4222,46.6325
32.2875,21.3866,46.326
32.7024,21.5138,45.7839
33.1533,21.6073,45.2395
33.5979,21.7756,44.6266
35.4431,22.9664,41.5905
35.4461,22.9465,41.6074
35.4322,23.3047,41.2632
35.1393,23.9225,40.9381
35.0535,24.2318,40.7147
34.7274,24.5675,40.7052
34.6144,25.4484,39.9372
11.4998,14.904,73.5963
12.3688,15.4973,72.1339
14.793,17.5316,67.6755
17.8391,20.1581,62.0028
18.0958,20.1967,61.7076
18.2891,20.1867,61.5242
18.4477,20.1664,61.3859
18.6479,20.1596,61.1925
18.8794,20.1714,60.9491
19.1365,20.1892,60.6743
19.3556,20.2153,60.4291
19.6269,20.245,60.1281
19.905,20.3024,59.7926
20.1962,20.3629,59.4409
20.5421,20.4464,59.0115
20.8346,20.538,58.6274
21.1711,20.6415,58.1874
21.5146,20.7543,57.7311
21.8877,20.8843,57.2279
22.1932,21.0034,56.8034
22.5276,21.1273,56.3451
22.8534,21.2404,55.9063
23.165,21.3374,55.4977
23.4044,21.3841,55.2115
23.5566,21.3528,55.0906
23.6035,21.2396,55.1569
23.5732,21.0546,55.3722
23.5068,20.8503,55.643
23.4332,20.6554,55.9114
23.3814,20.4648,56.1538
23.3238,20.2927,56.3834
23.2537,20.1301,56.6162
23.1805,19.9605,56.859
23.1015,19.8082,57.0904
23.0162,19.6623,57.3215
22.9218,19.5165,57.5617
22.8529,19.3846,57.7624
22.7359,19.2534,58.0107
22.595,19.089,58.316
22.4927,18.9524,58.5549
22.3534,18.8038,58.8429
22.1785,18.6046,59.2169
22.0269,18.3949,59.5782
21.9298,18.1873,59.8829
21.8748,17.987,60.1382
21.9689,17.8573,60.1738
22.2345,17.8157,59.9498
22.5849,17.8578,59.5573
23.0755,17.9522,58.9723
23.6823,18.1139,58.2038
24.4518,18.4219,57.1263
25.2188,18.7638,56.0174
25.9933,19.1796,54.8272
26.6087,19.5418,53.8495
27.266,19.897,52.837
27.7129,20.2205,52.0665
28.0775,20.4823,51.4402
28.374,20.8071,50.8189
28.5195,20.865,50.6156
28.569,21.0439,50.3871
13.7183,18.5567,67.7249
14.8366,18.9859,66.1775
16.1081,19.4852,64.4067
17.0348,19.8442,63.121
17.4074,19.9158,62.6768
17.5999,19.9071,62.493
17.7653,19.8857,62.349
18.1841,20.0275,61.7883
18.9136,20.3556,60.7308
19.5216,20.6248,59.8537
20.0177,20.7908,59.1915
20.4374,20.9105,58.6521
20.783,20.9973,58.2196
21.1036,21.0558,57.8406
21.3701,21.0816,57.5483
21.6972,21.1302,57.1726
22.0813,21.1895,56.7292
22.5109,21.2588,56.2302
22.9193,21.3235,55.7573
23.4085,21.4023,55.1892
23.9114,21.4855,54.6031
24.4547,21.6,53.9454
25.0034,21.7222,53.2744
25.5075,21.8494,52.6432
26.075,21.9866,51.9383
26.6463,22.1575,51.1962
27.1884,22.3463,50.4653
27.6951,22.5335,49.7714
28.2675,22.7579,48.9745
28.8936,23.0234,48.083
29.4729,23.2869,47.2402
29.9867,23.5393,46.474
30.3723,23.7509,45.8768
30.6264,23.9096,45.464
30.7265,24.0109,45.2626
30.7053,24.0524,45.2423
30.5774,24.0211,45.4015
30.3081,23.9009,45.791
29.9654,23.7213,46.3133
29.5855,23.5079,46.9066
29.199,23.2548,47.5462
28.9068,23.0192,48.074
28.6587,22.7805,48.5608
28.418,22.532,49.0499
28.1492,22.2672,49.5836
27.9065,21.993,50.1005
27.7229,21.738,50.5392
27.6946,21.5684,50.737
27.7493,21.4466,50.8041
27.8628,21.3327,50.8045
27.9227,21.1768,50.9005
27.9635,20.9244,51.1121
27.9465,20.6252,51.4283
28.0583,20.3482,51.5934
28.3437,20.2009,51.4554
28.8295,20.1384,51.0322
29.4345,20.1979,50.3676
30.0705,20.3575,49.572
30.7955,20.6255,48.579
31.702,21.0007,47.2972
12.7483,17.6298,69.6218
12.7942,17.5831,69.6227
12.8311,17.5542,69.6147
12.9302,17.5435,69.5263
12.9763,17.4942,69.5294
13.1516,17.5382,69.3101
13.3731,17.6148,69.0121
13.4609,17.6086,68.9304
13.5531,17.583,68.8639
13.7219,17.621,68.657
13.9075,17.6766,68.416
14.03,17.6852,68.2848
14.2652,17.8122,67.9226
14.5241,17.9377,67.5382
14.7577,18.0503,67.192
14.9943,18.1618,66.844
15.2618,18.3316,66.4066
15.5554,18.4967,65.9479
15.835,18.6382,65.5268
16.2201,18.8998,64.8802
16.5455,19.0756,64.379
17.0165,19.4234,63.5601
17.5695,19.8164,62.614
17.8009,19.877,62.3221
18.0186,19.9197,62.0618
18.2175,19.9618,61.8207
18.4903,20.0257,61.484
18.7442,20.1018,61.1541
18.9871,20.1629,60.8501
19.2074,20.2144,60.5782
19.3509,20.25,60.3991
19.539,20.3052,60.1558
19.7415,20.3702,59.8883
19.9674,20.4528,59.5799
20.2175,20.5667,59.2158
20.6822,20.7922,58.5256
20.8781,20.7983,58.3237
20.9834,20.7603,58.2563
21.3163,20.8795,57.8041
21.6789,21.0315,57.2896
22.1316,21.2345,56.634
22.4606,21.3551,56.1842
22.7232,21.4133,55.8636
22.9727,21.4579,55.5694
23.1538,21.4336,55.4127
23.2477,21.3238,55.4285
23.3424,21.226,55.4316
23.5213,21.174,55.3047
23.6204,21.0973,55.2823
23.6832,20.9891,55.3277
24.2887,21.2937,54.4176
24.9611,21.7078,53.3311
25.2383,21.838,52.9237
25.4901,21.9864,52.5235
25.6485,22.0641,52.2874
25.6497,22.0421,52.3082
25.6213,21.9788,52.3998
25.4839,21.8611,52.655
25.2814,21.7169,53.0017
25.0783,21.5313,53.3904
17.2693,20.5205,62.2103
17.2592,20.4623,62.2785
17.4163,20.5003,62.0834
17.428,20.4399,62.1321
17.212,20.2585,62.5295
16.9984,20.0692,62.9324
16.7237,19.8438,63.4326
16.4841,19.6383,63.8777
16.1524,19.3734,64.4743
15.5007,18.8941,65.6052
14.9617,18.4639,66.5744
14.6847,18.2291,67.0863
14.7597,18.2849,66.9554
14.8563,18.3869,66.7568
15.0251,18.5202,66.4547
15.168,18.6215,66.2104
15.1691,18.5847,66.2463
15.2169,18.5616,66.2215
15.4086,18.6738,65.9176
15.7829,18.91,65.3071
16.3262,19.2718,64.4021
16.9661,19.7086,63.3253
17.588,20.0949,62.3171
18.2317,20.5107,61.2576
18.9289,20.8799,60.1912
19.4753,21.0905,59.4342
19.9699,21.2396,58.7905
20.3134,21.3225,58.3641
20.5625,21.3512,58.0863
20.7444,21.3568,57.8988
20.8908,21.3307,57.7785
21.0275,21.2922,57.6803
21.1268,21.2209,57.6523
21.2854,21.1592,57.5554
21.4725,21.0803,57.4472
21.5992,20.9611,57.4397
21.6019,20.7696,57.6285
21.6034,20.5782,57.8185
21.7477,20.4874,57.7649
22.2227,20.6159,57.1614
22.9939,20.946,56.0601
23.8061,21.3169,54.877
24.7121,21.7389,53.549
25.5692,22.1642,52.2666
26.3964,22.589,51.0146
27.0786,22.9624,49.959
27.5256,23.1965,49.2779
27.5596,23.1624,49.2779
27.2786,22.911,49.8104
26.8633,22.5387,50.598
26.5076,22.2161,51.2764
26.2765,21.9888,51.7347
26.1597,21.8629,51.9774
26.0871,21.7803,52.1326
25.8929,21.6189,52.4882
25.775,21.5188,52.7061
26.0423,21.7687,52.189
26.5961,22.2443,51.1596
26.9809,22.5774,50.4417
26.9618,22.563,50.4751
13.5379,20.8621,65.5999
13.3954,20.78,65.8245
13.2631,20.7038,66.0331
13.1278,20.6633,66.2089
12.9604,20.5458,66.4938
12.8171,20.4672,66.7156
12.6775,20.3713,66.9512
12.5223,20.276,67.2017
12.4661,20.277,67.2569
12.3933,20.2237,67.383
12.3026,20.1558,67.5417
12.2171,20.0678,67.7152
12.0878,19.9359,67.9763
11.9935,19.8861,68.1204
11.8957,19.8415,68.2628
11.7488,19.7369,68.5143
11.613,19.6039,68.7831
11.4671,19.4641,69.0688
11.3257,19.3305,69.3438
11.1796,19.1879,69.6325
11.0345,19.0596,69.9059
10.8662,18.9516,70.1822
10.7233,18.8267,70.45
10.5743,18.703,70.7227
10.4259,18.5202,71.0539
10.2665,18.3882,71.3453
10.0758,18.2581,71.6661
9.91274,18.0701,72.0172
9.73504,17.9175,72.3474
9.59979,17.6841,72.7161
9.4689,17.4399,73.0912
9.27747,17.2145,73.508
9.14636,17.0082,73.8455
9.03264,16.7965,74.1708
8.93678,16.546,74.5173
8.8411,16.2942,74.8647
8.71322,16.05,75.2367
8.65442,15.8303,75.5153
8.57405,15.5837,75.8423
8.39286,15.2956,76.3116
8.20913,15.04,76.7509
8.24888,14.7864,76.9647
8.54417,14.7944,76.6615
8.87401,14.8133,76.3127
9.8227,15.3958,74.7815
12.9849,17.7227,69.2924
18.264,21.705,60.031
18.3541,21.6184,60.0276
18.4249,21.5064,60.0687
18.529,21.4078,60.0632
18.6391,21.323,60.0379
18.7971,21.2408,59.9621
18.9518,21.1732,59.875
19.1717,21.1344,59.6939
19.3595,21.0974,59.5431
19.6035,21.0611,59.3355
19.8223,21.0268,59.151
20.0554,20.9995,58.9451
20.2984,20.9749,58.7267
20.4936,20.9483,58.5582
12.707,19.9836,67.3094
12.6322,19.967,67.4008
12.5249,19.9329,67.5423
12.4789,19.9555,67.5655
12.4429,19.987,67.5702
12.4168,20.0225,67.5607
12.336,19.9773,67.6867
12.1678,19.8565,67.9757
12.1154,19.8252,68.0594
12.1086,19.8717,68.0197
12.0164,19.8095,68.174
11.911,19.7137,68.3754
11.7917,19.6471,68.5612
11.6698,19.5091,68.8211
11.5953,19.4227,68.982
11.5323,19.3698,69.0978
11.4206,19.2274,69.352
11.2939,19.1735,69.5326
11.2251,19.1998,69.5751
11.1361,19.2094,69.6544
11.0274,19.1793,69.7933
10.8658,19.0696,70.0647
10.7356,18.9979,70.2665
10.6352,18.967,70.3978
10.515,18.8754,70.6096
10.3704,18.7812,70.8484
10.1924,18.5822,71.2255
10.062,18.4498,71.4882
9.8968,18.2131,71.8901
9.73905,18.0109,72.2501
9.59251,17.8902,72.5173
9.40144,17.7252,72.8734
9.26073,17.6533,73.086
9.10809,17.4684,73.4235
8.94864,17.3218,73.7296
8.80751,17.1139,74.0786
8.63087,16.8746,74.4945
8.50127,16.6342,74.8645
8.3858,16.4054,75.2088
8.34029,16.0321,75.6276
8.22585,15.7833,75.9909
8.16449,15.5326,76.3029
8.10112,15.3232,76.5756
8.12464,15.0905,76.7849
8.14863,14.8099,77.0415
8.37018,14.8517,76.7781
8.5646,14.8283,76.6071
9.38009,15.425,75.1949
12.4039,17.5174,70.0788
18.5326,21.8457,59.6217
18.7079,21.8022,59.4899
18.8834,21.7527,59.3639
19.0609,21.6991,59.24
19.2442,21.6468,59.109
19.4518,21.6136,58.9346
19.7459,21.6138,58.6404
20.0628,21.6359,58.3013
20.4166,21.6893,57.8941
20.7544,21.7495,57.4961
21.1454,21.8417,57.0129
14.6093,20.0463,65.3444
14.5612,19.986,65.4528
14.4831,19.9175,65.5994
14.3395,19.8234,65.8371
14.2772,19.7618,65.9611
14.271,19.706,66.023
14.2218,19.6698,66.1084
14.0864,19.596,66.3176
14.0594,19.5403,66.4003
14.028,19.4999,66.4721
13.995,19.4304,66.5746
13.9736,19.3603,66.6662
13.843,19.2808,66.8762
13.8011,19.2331,66.9658
13.7894,19.1895,67.0211
13.7157,19.1229,67.1614
13.5247,19.0145,67.4609
13.5012,18.963,67.5359
13.4955,18.8902,67.6143
13.4496,18.7934,67.757
13.4088,18.7173,67.8739
13.313,18.6063,68.0807
13.324,18.5261,68.1498
13.2849,18.414,68.3011
13.224,18.3105,68.4654
13.1295,18.186,68.6845
13.1783,18.0989,68.7228
13.1647,18.0158,68.8196
13.231,17.9514,68.8176
13.266,17.866,68.868
13.2545,17.7572,68.9884
13.3351,17.6886,68.9763
13.4278,17.6253,68.9469
13.5297,17.5734,68.8969
13.5816,17.5008,68.9177
13.6015,17.3925,69.006
13.7712,17.3806,68.8481
13.981,17.3628,68.6562
14.1527,17.3401,68.5072
14.2854,17.2888,68.4258
14.5429,17.3216,68.1355
14.7312,17.3193,67.9495
15.017,17.3796,67.6034
15.3595,17.4647,67.1758
15.6628,17.568,66.7692
16.2806,17.8599,65.8595
17.0042,18.2249,64.7709
17.5931,18.5157,63.8912
18.0085,18.7092,63.2823
18.7366,19.2091,62.0543
19.4427,19.6423,60.915
20.5294,20.4338,59.0367
22.1196,21.6537,56.2267
22.7091,21.9853,55.3057
22.8365,21.9963,55.1672
23.0481,22.0291,54.9228
23.2626,22.0581,54.6794
23.4738,22.0926,54.4336
23.6174,22.1086,54.274
23.8542,22.1517,53.9941
13.663,20.163,66.174
13.5186,20.122,66.3594
13.4388,20.0746,66.4866
13.3474,20.0275,66.6251
13.2505,19.972,66.7774
13.1573,19.9236,66.9191
13.0267,19.8756,67.0977
12.9441,19.8254,67.2306
12.8586,19.7899,67.3516
12.8069,19.7414,67.4516
12.7236,19.6865,67.5899
12.5313,19.5584,67.9103
12.3695,19.4386,68.1919
12.2997,19.3562,68.344
12.2046,19.2805,68.5149
12.0388,19.1761,68.7851
11.9209,19.1256,68.9534
11.8661,19.0408,69.0931
11.7933,18.9722,69.2344
11.9001,19.0152,69.0847
12.0446,19.0656,68.8898
12.3412,19.1643,68.4944
12.3414,19.1375,68.5211
11.915,18.8835,69.2015
11.6436,18.6677,69.6887
11.3484,18.4908,70.1609
11.6605,18.6384,69.7011
12.2723,18.9753,68.7524
11.6415,18.4719,69.8866
11.6686,18.3893,69.942
12.1212,18.5693,69.3095
11.2716,17.9797,70.7486
11.8028,18.2462,69.951
11.467,17.9382,70.5948
10.9048,17.5246,71.5706
10.933,17.5152,71.5518
11.6251,17.886,70.4888
12.5728,18.3388,69.0884
12.9794,18.4138,68.6068
13.6289,18.7021,67.669
14.2532,18.8843,66.8625
15.1505,19.2606,65.5889
16.2205,19.7042,64.0754
17.5344,20.2879,62.1777
18.8714,20.8478,60.2807
19.9048,21.2489,58.8463
20.6341,21.5043,57.8616
21.1255,21.6439,57.2306
21.2793,21.6457,57.075
21.4086,21.6608,56.9305
21.473,21.6277,56.8993
21.0335,21.2846,57.6819
19.7623,20.4425,59.7951
18.1883,19.466,62.3457
16.3573,18.1773,65.4654
15.3954,17.6372,66.9674
17.4361,19.3975,63.1665
18.7185,20.4632,60.8183
18.5638,20.4231,61.013
17.9836,20.2028,61.8136
20.9158,23.0271,56.0571
21.3679,23.1809,55.4512
21.5326,23.2091,55.2583
21.4695,23.1993,55.3313
21.359,23.1871,55.4539
21.2167,23.1535,55.6298
21.3746,23.1998,55.4256
21.6273,23.2451,55.1276
21.8664,23.2503,54.8833
22.1486,23.2901,54.5613
22.4706,23.3379,54.1916
22.809,23.3913,53.7996
23.02,23.4162,53.5638
23.0912,23.4434,53.4654
23.1523,23.4509,53.3968
23.2213,23.4565,53.3222
23.3516,23.4793,53.1691
23.4973,23.4994,53.0033
23.6232,23.5347,52.8421
23.7497,23.5634,52.6869
23.7815,23.5712,52.6473
23.7097,23.5556,52.7347
23.6099,23.5448,52.8454
23.6512,23.5512,52.7977
23.8211,23.5737,52.6053
24.0388,23.6094,52.3518
24.341,23.6729,51.9861
24.6062,23.7391,51.6547
24.6671,23.7476,51.5854
24.5619,23.7378,51.7003
24.3249,23.6911,51.984
24.0304,23.6269,52.3427
23.7646,23.5757,52.6597
23.6028,23.5398,52.8574
23.5027,23.5135,52.9837
23.4821,23.4995,53.0184
23.5512,23.4988,52.95
23.5423,23.4804,52.9773
23.6318,23.4848,52.8835
23.794,23.4796,52.7264
24.0924,23.5195,52.3881
24.4508,23.5589,51.9903
24.8647,23.6107,51.5246
25.1403,23.6411,51.2186
25.232,23.6517,51.1163
25.247,23.6522,51.1008
25.4017,23.6933,50.9049
25.6166,23.7111,50.6723
25.8578,23.7406,50.4017
25.8517,23.717,50.4314
25.6976,23.6778,50.6246
25.5202,23.6521,50.8277
25.4416,23.6169,50.9416
25.4554,23.6048,50.9397
25.5676,23.6047,50.8276
25.8409,23.6579,50.5013
26.1493,23.7265,50.1242
26.4674,23.7808,49.7518
26.7131,23.8226,49.4643
26.904,23.8447,49.2513
16.6674,22.3566,60.976
16.5443,22.3181,61.1376
16.3978,22.2811,61.3212
16.2811,22.2442,61.4747
16.1691,22.2169,61.614
16.0685,22.1867,61.7448
15.9519,22.141,61.9071
15.8404,22.1112,62.0485
15.7478,22.0783,62.1739
15.6113,22.0447,62.344
15.5143,22.01,62.4756
15.3955,21.9713,62.6333
15.2523,21.9194,62.8283
15.141,21.8757,62.9834
15.0091,21.8227,63.1682
14.8855,21.7793,63.3352
14.737,21.7311,63.5319
14.6079,21.682,63.7101
14.4715,21.6197,63.9088
14.3347,21.5637,64.1016
14.2008,21.5127,64.2865
14.0548,21.447,64.4982
13.9426,21.3987,64.6587
13.8289,21.3465,64.8246
13.6949,21.2875,65.0176
13.5603,21.2237,65.216
13.4224,21.1657,65.4119
13.2834,21.0971,65.6195
13.1383,21.0195,65.8423
12.9924,20.9456,66.0619
12.8412,20.8649,66.2939
12.6469,20.7676,66.5855
12.4916,20.6703,66.8381
12.3343,20.5791,67.0866
12.1674,20.4805,67.3521
11.9877,20.3733,67.6389
11.7811,20.2498,67.9691
11.5884,20.1234,68.2881
11.4173,20.002,68.5808
11.2525,19.8832,68.8642
11.0262,19.7256,69.2482
10.8435,19.5873,69.5692
10.6815,19.4507,69.8678
10.5197,19.2995,70.1808
10.359,19.1394,70.5016
10.1779,18.9723,70.8499
9.99285,18.7789,71.2282
9.81206,18.5825,71.6055
9.65229,18.4029,71.9448
9.49315,18.2161,72.2907
9.25741,17.9787,72.7639
9.40362,17.9291,72.6672
10.8687,18.4068,70.7245
14.981,20.0439,64.9751
20.5152,22.5409,56.9439
20.9264,22.6304,56.4432
21.2854,22.7025,56.0121
21.5835,22.7577,55.6588
21.8626,22.8246,55.3129
22.1049,22.8826,55.0126
17.056,22.2567,60.6873
16.0858,21.9076,62.0066
15.9276,21.8707,62.2017
14.9023,21.5109,63.5869
14.7915,21.4875,63.721
15.274,21.677,63.0491
14.896,21.5227,63.5813
14.6444,21.4335,63.9221
14.5934,21.407,63.9996
14.5826,21.393,64.0244
14.3916,21.307,64.3014
14.3598,21.2727,64.3675
14.8538,21.4531,63.6931
14.56,21.3251,64.1149
14.1504,21.1762,64.6734
14.1538,21.1618,64.6845
13.8938,21.0251,65.0811
13.7958,20.96,65.2442
13.683,20.8747,65.4424
14.162,21.0741,64.764
13.6175,20.7946,65.5879
13.5149,20.7163,65.7688
13.4024,20.6207,65.9768
13.8261,20.8021,65.3718
13.0771,20.4281,66.4948
12.9738,20.3633,66.663
13.0227,20.3911,66.5862
13.5592,20.6107,65.8302
12.583,20.0871,67.3299
12.2658,19.8714,67.8629
12.1966,19.807,67.9965
12.1345,19.752,68.1135
12.1972,19.7395,68.0633
12.029,19.6213,68.3497
11.9229,19.5138,68.5632
11.8293,19.4186,68.7521
11.7977,19.3488,68.8534
11.6847,19.208,69.1072
11.7786,19.1712,69.0502
12.6402,19.546,67.8138
13.1757,19.6952,67.1291
13.8161,19.8767,66.3071
13.94,19.7814,66.2785
13.2081,19.33,67.4619
12.2376,18.7404,69.022
11.4397,18.2228,70.3375
10.7641,17.758,71.4779
10.5767,17.5669,71.8564
10.7628,17.5821,71.6551
10.8875,17.5504,71.5621
11.955,18.0677,69.9773
14.508,19.5983,65.8936
17.538,21.6173,60.8446
17.8955,21.887,60.2175
17.8584,21.8479,60.2937
17.8298,21.8087,60.3615
17.8005,21.7651,60.4344
17.7773,21.7266,60.4961
17.7298,21.6782,60.592
17.7094,21.6336,60.657
15.7458,21.6255,62.6287
15.603,21.5377,62.8594
15.4638,21.4754,63.0609
15.3643,21.3963,63.2394
15.2009,21.2831,63.516
15.0766,21.256,63.6674
14.8933,21.0276,64.0791
14.7792,20.9795,64.2412
14.6445,20.878,64.4774
14.536,20.7872,64.6768
14.3644,20.6815,64.9541
14.2808,20.6157,65.1035
14.2238,20.6434,65.1328
14.0966,20.6061,65.2973
13.9265,20.5215,65.552
14.0929,20.5329,65.3742
14.0842,20.4769,65.4389
13.6174,20.3158,66.0668
13.548,20.3024,66.1497
13.5152,20.3847,66.1001
13.3657,20.2719,66.3624
13.2507,20.141,66.6083
13.1485,20.0678,66.7837
13.0389,19.9874,66.9737
12.9711,19.9133,67.1156
12.8538,19.8511,67.2951
12.7685,19.6569,67.5746
12.717,19.5506,67.7325
12.6143,19.4612,67.9245
12.4439,19.4061,68.15
12.4087,19.2275,68.3637
12.4424,19.0626,68.495
12.9257,19.0026,68.0717
12.6918,18.9156,68.3926
13.5839,19.4261,66.99
12.4938,18.7956,68.7106
12.5159,18.9617,68.5224
12.7096,18.9755,68.3148
22.5025,24.3525,53.1451
22.9497,24.5868,52.4634
23.0923,24.6287,52.279
23.2579,24.6525,52.0897
23.4665,24.6688,51.8647
23.0874,24.336,52.5766
20.4248,22.7174,56.8578
23.969,24.6583,51.3727
24.0079,24.6083,51.3838
23.8703,24.4863,51.6433
23.5499,24.3118,52.1383
23.2945,24.1472,52.5583
23.0527,23.9997,52.9476
22.7733,23.8495,53.3772
22.6511,23.7684,53.5806
22.6396,23.7373,53.6231
22.8384,23.7851,53.3765
23.2701,23.9303,52.7996
23.7733,24.0729,52.1538
24.3429,24.2365,51.4206
25.1281,24.4556,50.4163
26.19,24.7127,49.0973
18.8467,22.4721,58.6812
17.1945,21.9855,60.8201
17.1397,21.9051,60.9552
17.2579,21.9508,60.7913
16.8784,21.8252,61.2964
17.4882,22.0045,60.5073
16.7165,21.7731,61.5104
16.8482,21.8025,61.3493
16.9624,21.8199,61.2177
17.1958,21.872,60.9322
17.4967,21.9502,60.5531
17.3221,21.8637,60.8143
17.436,21.8661,60.6979
17.1662,21.7765,61.0573
16.9783,21.7105,61.3112
16.6053,21.5512,61.8435
16.5655,21.5415,61.893
16.8948,21.638,61.4672
16.8612,21.5927,61.5461
16.789,21.5364,61.6746
16.7112,21.4979,61.7909
16.786,21.4956,61.7184
17.5628,21.7221,60.7151
17.844,21.7966,60.3594
18.4281,21.9411,59.6308
18.7259,22.0148,59.2593
18.8791,22.0512,59.0697
19.2107,22.1367,58.6526
19.076,22.0911,58.8329
19.5689,22.2602,58.1708
19.6318,22.2561,58.1121
19.2933,22.1217,58.5851
19.4014,22.1455,58.4531
19.5414,22.1807,58.2779
19.7505,22.2371,58.0125
20.2372,22.3837,57.3792
20.5073,22.4626,57.0301
20.7981,22.5533,56.6487
21.1308,22.6448,56.2244
21.2918,22.6794,56.0288
21.1638,22.6194,56.2168
21.1169,22.5862,56.2969
21.3435,22.67,55.9865
21.5346,22.7234,55.742
21.6107,22.7368,55.6525
21.6847,22.7451,55.5702
21.7538,22.7535,55.4927
21.7608,22.7498,55.4894
21.8221,22.7532,55.4247
21.866,22.748,55.3861
21.9448,22.7485,55.3068
22.0493,22.7649,55.1857
22.1206,22.7708,55.1086
22.1725,22.7674,55.06
22.2156,22.7629,55.0215
22.2671,22.7623,54.9706
22.3113,22.7491,54.9396
22.3391,22.73,54.9309
22.3679,22.7114,54.9208
22.4038,22.691,54.9052
15.6029,20.5739,63.8232
15.5519,20.5224,63.9257
15.5403,20.4973,63.9624
15.4142,20.4587,64.1271
15.2789,20.4091,64.312
15.3708,20.3972,64.232
15.14,20.2758,64.5842
15.1451,20.2408,64.6141
14.9593,20.148,64.8927
15.2295,20.1692,64.6013
15.1414,20.1028,64.7558
15.0117,20.0256,64.9627
14.6288,19.8622,65.5089
15.1024,19.9931,64.9045
14.7701,19.8144,65.4155
15.1395,19.8828,64.9777
14.9591,19.7567,65.2842
14.5535,19.5955,65.8511
14.8272,19.7032,65.4696
14.5951,19.5817,65.8233
14.8462,19.6765,65.4773
15.043,19.7261,65.2309
14.6403,19.504,65.8557
15.0415,19.6279,65.3307
14.5827,19.3614,66.0559
14.7825,19.4063,65.8112
14.9756,19.431,65.5934
14.7875,19.32,65.8925
14.7461,19.2929,65.9611
14.7282,19.24,66.0318
14.4787,19.0583,66.463
14.7932,19.182,66.0248
14.7333,19.0807,66.1861
14.7839,19.0367,66.1794
14.538,18.8173,66.6448
15.077,19.0716,65.8514
14.6611,18.8057,66.5332
14.8171,18.8511,66.3318
14.7935,18.803,66.4035
14.8536,18.8273,66.3191
14.7745,18.7355,66.4899
15.4091,19.1057,65.4852
15.2255,18.899,65.8755
15.4122,18.957,65.6308
15.3544,18.8725,65.7731
15.4228,18.9127,65.6645
15.5109,18.9593,65.5298
15.4638,18.9253,65.6109
15.6433,19.0264,65.3303
15.6923,19.0497,65.258
15.7621,19.0536,65.1843
16.0056,19.1772,64.8172
16.0098,19.1348,64.8554
16.1947,19.1981,64.6072
16.324,19.2733,64.4026
16.4826,19.3338,64.1836
16.7934,19.5009,63.7056
17.0163,19.5538,63.4299
17.5415,19.8613,62.5972
17.701,19.8863,62.4126
16.7785,21.9529,61.2686
16.5097,21.8268,61.6635
16.6132,21.8856,61.5012
17.4455,22.1139,60.4406
17.4862,22.0858,60.428
15.8041,21.5037,62.6922
15.7956,21.4678,62.7366
16.0876,21.5952,62.3171
15.4853,21.3179,63.1969
15.2729,21.2424,63.4847
15.9581,21.4342,62.6077
17.249,21.8164,60.9346
15.9733,21.3523,62.6744
17.3797,21.8161,60.8042
19.7836,22.5211,57.6953
18.2983,22.1768,59.525
15.1596,21.1997,63.6407
14.4759,20.9522,64.5719
14.4291,20.9111,64.6598
14.481,20.9274,64.5917
14.1285,20.7133,65.1582
14.7067,20.9866,64.3067
14.5666,20.8781,64.5553
15.5927,21.2224,63.1849
15.2487,20.9803,63.771
13.7539,20.3923,65.8537
13.2503,20.1783,66.5714
16.6676,21.6187,61.7137
12.8022,20.0102,67.1877
12.7204,20.0187,67.2608
12.8721,20.0591,67.0689
13.2513,20.1895,66.5592
13.0075,19.991,67.0015
14.6805,20.7058,64.6137
13.9443,20.2432,65.8125
13.8584,20.018,66.1236
13.1907,19.7254,67.0839
11.7444,19.0819,69.1737
13.4747,19.8188,66.7065
11.9118,19.0127,69.0755
11.9964,19.0503,68.9533
12.9926,19.5445,67.4628
12.1074,18.947,68.9456
13.9905,19.6813,66.3282
13.0498,19.1017,67.8485
12.7015,18.9424,68.3561
13.7105,19.4727,66.8167
15.6515,20.3149,64.0336
14.7448,19.8515,65.4037
13.5133,19.2596,67.2271
11.2317,18.1798,70.5885
10.2121,17.6719,72.1161
10.2311,17.7628,72.0061
14.8358,20.2174,64.9468
18.2552,21.4542,60.2906
19.5136,21.8246,58.6618
20.561,22.2365,57.2026
21.2723,22.531,56.1967
21.6305,22.6392,55.7303
21.6856,22.6801,55.6343
15.6988,21.4526,62.8486
15.5709,21.3924,63.0367
15.4095,21.3209,63.2696
15.2996,21.2651,63.4353
15.1708,21.1842,63.645
15.0936,21.173,63.7334
15.032,21.1358,63.8321
14.8722,21.059,64.0688
14.7582,20.9746,64.2672
14.6548,20.9328,64.4124
14.5658,20.8755,64.5587
14.5032,20.8423,64.6545
14.3537,20.7599,64.8864
14.2808,20.7129,65.0063
14.1787,20.6382,65.1831
14.0877,20.6029,65.3093
14.0085,20.5681,65.4234
13.8799,20.5104,65.6097
13.7686,20.4263,65.8051
13.6661,20.334,65.9999
13.5377,20.2178,66.2445
13.4521,20.1041,66.4439
13.3311,20.0306,66.6384
13.2278,19.9435,66.8286
13.1252,19.8593,67.0155
13.0504,19.8246,67.125
12.9698,19.7344,67.2958
12.8534,19.6357,67.5109
12.7363,19.5838,67.6799
12.6341,19.5108,67.8551
12.5339,19.4274,68.0386
12.4258,19.3022,68.2719
12.2884,19.1772,68.5344
12.2104,19.0658,68.7238
12.1007,18.9579,68.9415
12.0147,18.8816,69.1037
11.9458,18.7772,69.2771
11.8176,18.682,69.5004
11.7312,18.5996,69.6692
11.645,18.5252,69.8298
11.6134,18.3846,70.0019
11.5754,18.2875,70.1371
11.4537,18.1719,70.3744
11.4198,18.0572,70.523
11.4229,17.9798,70.5973
11.521,17.9347,70.5443
12.3096,18.3437,69.3468
14.6877,19.6999,65.6124
18.5396,21.9823,59.4781
20.9954,23.4897,55.515
21.0489,23.4972,55.4538
21.0396,23.4734,55.487
21.0852,23.459,55.4558
21.1095,23.4497,55.4408
21.1388,23.4329,55.4283
21.1604,23.4169,55.4226
21.1459,23.3806,55.4735
21.1687,23.3674,55.4639
21.1832,23.3434,55.4734
21.1909,23.32,55.4891
14.8043,20.3666,64.8292
14.7024,20.2933,65.0043
14.6453,20.2619,65.0928
14.7488,20.3018,64.9494
14.2733,20.0387,65.688
14.2,19.9764,65.8236
14.5912,20.1922,65.2166
14.1177,19.8897,65.9926
13.9656,19.7632,66.2712
13.8973,19.7052,66.3975
13.9805,19.7295,66.29
13.8827,19.6422,66.4751
13.9844,19.688,66.3275
13.9017,19.6264,66.4719
13.8652,19.605,66.5298
14.1259,19.7413,66.1327
13.8518,19.562,66.5862
13.6649,19.4471,66.888
13.5707,19.3682,67.0611
13.3572,19.2219,67.4209
13.4278,19.2533,67.3189
13.3931,19.2113,67.3957
13.7933,19.4382,66.7685
13.3904,19.1308,67.4788
13.6101,19.2163,67.1736
14.2392,19.5711,66.1898
13.3812,18.9484,67.6704
13.7336,19.1538,67.1125
13.834,19.1876,66.9784
13.1994,18.7403,68.0603
13.2282,18.7251,68.0467
12.9828,18.5273,68.4899
12.6561,18.2883,69.0556
12.6601,18.2563,69.0836
12.426,18.0669,69.5071
12.3833,18.0198,69.5969
12.5914,18.135,69.2735
12.4978,18.0274,69.4748
12.5423,18.0012,69.4565
12.8909,18.2053,68.9038
12.5711,17.8929,69.536
12.9404,18.0958,68.9638
13.111,18.1441,68.7449
13.0406,18.0064,68.953
13.3819,18.1847,68.4334
13.6122,18.2766,68.1111
13.9516,18.465,67.5835
15.6032,19.6951,64.7017
17.8043,21.2875,60.9082
19.1134,22.2272,58.6594
19.3424,22.3401,58.3175
19.572,22.4475,57.9805
19.5259,22.3698,58.1043
19.5227,22.3034,58.1739
19.4667,22.2254,58.3079
19.4552,22.1654,58.3795
19.4439,22.1126,58.4435
19.4106,22.0713,58.5181
19.4945,22.094,58.4115
19.6385,22.1768,58.1846
15.3691,20.2569,64.374
15.3525,20.2162,64.4313
15.2237,20.1181,64.6582
14.9347,19.8893,65.176
14.7653,19.6992,65.5355
16.2836,20.5439,63.1725
17.6019,21.1757,61.2224
19.213,21.9574,58.8296
19.4569,21.9651,58.5781
19.6001,21.9363,58.4636
19.8498,22.0115,58.1387
19.857,21.9833,58.1597
19.3925,21.8025,58.805
18.518,21.4116,60.0704
17.488,20.9025,61.6095
16.7652,20.5937,62.6412
16.4628,20.458,63.0792
15.0457,19.7084,65.2459
16.4532,20.5232,63.0237
16.2715,20.4838,63.2447
17.0623,20.9523,61.9854
15.2967,19.8728,64.8305
16.2531,20.4474,63.2995
15.3036,19.827,64.8695
16.1215,20.2485,63.63
17.58,20.9934,61.4266
18.7258,21.4497,59.8245
19.0953,21.4527,59.4519
21.6478,22.7315,55.6208
22.5169,23.072,54.4111
22.8885,23.1359,53.9755
23.2129,23.2025,53.5846
23.4128,23.197,53.3902
23.4654,23.1582,53.3764
23.4532,23.0996,53.4472
23.2536,22.9553,53.7911
22.7422,22.6503,54.6075
21.4267,21.8792,56.6941
21.2097,21.828,56.9622
21.5028,22.12,56.3772
21.7751,22.3858,55.8392
22.0924,22.6255,55.282
22.487,22.865,54.648
23.0288,23.1073,53.8639
23.4515,23.2018,53.3467
23.8285,23.2247,52.9468
24.1249,23.2123,52.6628
24.2467,23.1426,52.6108
24.2524,23.055,52.6926
24.1245,22.9595,52.9159
23.8905,22.8354,53.2742
23.5799,22.6915,53.7285
23.2105,22.5722,54.2174
22.9054,22.4689,54.6257
22.64,22.385,54.9751
22.4647,22.3471,55.1882
22.3673,22.3286,55.3042
22.3436,22.3316,55.3248
22.4994,22.3961,55.1045
22.7514,22.481,54.7675
21.8091,23.0477,55.1432
22.0488,23.1061,54.8451
22.0701,23.1014,54.8285
22.128,23.1225,54.7495
22.1403,23.1222,54.7375
22.1243,23.1077,54.768
22.182,23.1164,54.7016
22.1902,23.1209,54.6889
22.152,23.1146,54.7334
22.1484,23.113,54.7386
22.1696,23.1121,54.7182
22.2147,23.1261,54.6592
22.2515,23.1367,54.6117
22.2591,23.1432,54.5977
22.2825,23.1594,54.5581
22.3133,23.1684,54.5183
22.3382,23.1814,54.4804
22.3096,23.1888,54.5016
22.301,23.1869,54.512
22.2744,23.1809,54.5448
22.2396,23.1813,54.5792
22.2123,23.1704,54.6173
22.1858,23.1741,54.6401
22.1791,23.1755,54.6454
22.1888,23.1726,54.6385
22.189,23.175,54.6361
22.1896,23.1781,54.6323
22.1825,23.1798,54.6376
22.2092,23.1838,54.607
22.2515,23.1907,54.5578
22.3012,23.1936,54.5053
22.3263,23.1941,54.4796
22.3059,23.194,54.5001
22.2881,23.1799,54.532
22.2839,23.1657,54.5505
22.2726,23.1614,54.566
22.2637,23.143,54.5933
22.1972,23.1263,54.6765
22.1715,23.1081,54.7204
22.124,23.1015,54.7745
22.0772,23.0895,54.8333
22.0321,23.0765,54.8914
21.9614,23.0616,54.977
21.9215,23.04,55.0385
21.863,23.0314,55.1056
21.8142,23.0035,55.1823
21.7578,22.9872,55.255
21.7208,22.9769,55.3023
21.7334,22.974,55.2926
21.7227,22.9574,55.3199
21.6938,22.9413,55.3649
21.6786,22.9261,55.3954
21.6405,22.9116,55.4479
21.6279,22.896,55.4761
21.6127,22.8766,55.5107
21.6062,22.851,55.5428
21.6028,22.8208,55.5764
21.6475,22.8101,55.5424
21.8252,22.8242,55.3506
22.0636,22.8495,55.0869
17.1492,21.7975,61.0533
16.6256,21.5465,61.8278
16.8332,21.6578,61.509
17.3155,21.887,60.7975
16.9008,21.722,61.3772
16.5699,21.5838,61.8463
18.2352,22.268,59.4968
17.3037,21.8231,60.8732
17.4269,21.8602,60.7128
17.875,22.0016,60.1233
18.0138,22.0178,59.9685
17.8112,21.915,60.2738
18.9236,22.3187,58.7577
19.4114,22.4739,58.1147
18.924,22.2771,58.799
19.2681,22.4241,58.3078
20.3009,22.7541,56.945
20.0046,22.6287,57.3667
20.5988,22.8185,56.5826
20.4771,22.7673,56.7556
20.4573,22.7477,56.795
21.2946,23.0223,55.6831
21.2555,22.9813,55.7632
21.0503,22.8724,56.0773
21.1907,22.9155,55.8938
21.6989,23.0939,55.2072
21.4148,22.9727,55.6125
21.5533,23.03,55.4166
21.5998,23.021,55.3793
21.2869,22.8983,55.8147
19.9988,22.3682,57.633
17.461,21.3554,61.1836
15.441,20.5337,64.0253
14.9021,20.3238,64.7741
14.5147,20.1919,65.2934
15.297,20.5755,64.1275
15.545,20.7296,63.7254
18.8052,22.1607,59.0341
20.1363,22.5149,57.3488
17.716,21.3998,60.8842
17.8766,21.4701,60.6534
15.0928,20.1164,64.7907
15.8111,20.4077,63.7812
13.4118,19.107,67.4812
13.7758,19.3799,66.8443
14.1199,19.6341,66.246
14.3396,19.7511,65.9093
17.4043,21.6198,60.9759
18.1737,22.3263,59.5
18.8763,22.9037,58.22
19.0117,22.9975,57.9908
19.2432,23.0535,57.7032
18.732,22.9643,58.3037
18.9118,23.0506,58.0376
18.5089,22.9543,58.5369
18.1583,22.8898,58.9519
17.9706,22.8695,59.1599
17.9396,22.873,59.1874
18.0892,22.9126,58.9982
18.0947,22.8547,59.0506
17.0194,22.3212,60.6594
17.0097,22.3344,60.6559
16.9103,22.3136,60.7761
16.865,22.3125,60.8225
16.718,22.2688,61.0132
16.6197,22.2289,61.1514
16.5574,22.212,61.2307
16.4218,22.1244,61.4538
16.3199,22.077,61.6031
16.1522,22.0045,61.8433
16.0351,21.9508,62.0142
15.9254,21.9008,62.1738
15.84,21.871,62.289
15.7608,21.8413,62.3979
15.6776,21.8085,62.5139
15.6224,21.7778,62.5998
15.5929,21.8016,62.6054
15.5278,21.766,62.7063
15.4021,21.7159,62.8819
15.3196,21.6858,62.9946
15.18,21.642,63.178
15.0437,21.5798,63.3764
14.9024,21.5064,63.5912
14.7563,21.4423,63.8014
14.6159,21.359,64.0251
14.5274,21.3253,64.1472
14.4435,21.3092,64.2473
14.3252,21.2454,64.4295
14.1782,21.1747,64.6471
14.0377,21.108,64.8543
13.8894,21.0123,65.0983
13.7227,20.884,65.3933
13.5801,20.7765,65.6434
13.4271,20.7088,65.8641
13.2844,20.5954,66.1201
13.1629,20.547,66.2901
13.0591,20.5199,66.421
12.9334,20.4259,66.6407
12.767,20.2884,66.9446
12.6404,20.1507,67.2089
12.5006,19.9938,67.5056
12.3677,19.8625,67.7698
12.2293,19.6856,68.085
12.0749,19.5192,68.4059
11.9705,19.4571,68.5724
11.9692,19.404,68.6267
12.9152,19.8295,67.2553
15.4446,20.9906,63.5647
20.4125,23.3865,56.201
22.6501,24.5263,52.8236
22.8276,24.5995,52.573
22.9848,24.6459,52.3693
23.066,24.6483,52.2857
23.212,24.6857,52.1023
23.3508,24.704,51.9452
23.3507,24.6593,51.99
23.348,24.6444,52.0076
23.3021,24.6154,52.0825
23.1349,24.5426,52.3225
22.9774,24.4697,52.5529
15.752,21.0964,63.1517
15.7098,21.0494,63.2408
17.9244,22.2785,59.7971
21.717,24.2606,54.0224
21.6928,24.2193,54.0879
21.5319,24.1468,54.3212
21.2733,24.0414,54.6853
20.9712,23.9325,55.0963
20.7062,23.8428,55.4509
20.2133,23.6078,56.1789
20.3269,23.7202,55.953
18.8963,22.8784,58.2253
17.0045,21.642,61.3535
17.9076,22.2391,59.8533
19.7484,23.4752,56.7764
19.4711,23.2693,57.2595
16.6871,21.3718,61.9411
15.8696,20.782,63.3484
16.0826,20.9259,62.9915
16.2761,21.0743,62.6497
15.3874,20.4872,64.1254
14.2278,19.7577,66.0146
14.1912,19.6828,66.126
14.2977,19.7515,65.9508
14.2565,19.7512,65.9923
14.2088,19.7637,66.0275
14.044,19.6582,66.2978
13.8733,19.5706,66.556
13.7334,19.4884,66.7782
13.4241,19.3463,67.2296
13.1649,19.2559,67.5792
12.8402,19.122,68.0378
12.5762,19.0289,68.3948
12.5601,19.0535,68.3864
12.5962,19.1119,68.2919
12.666,19.1453,68.1887
12.6657,19.1058,68.2285
12.5908,19.0057,68.4036
12.7066,19.0175,68.2759
12.6613,18.9084,68.4302
12.4369,18.6669,68.8962
12.4401,18.5734,68.9864
12.4443,18.4772,69.0784
12.6854,18.558,68.7565
12.8293,18.5818,68.5889
12.9663,18.5695,68.4642
12.9772,18.4749,68.5479
12.9778,18.3744,68.6478
13.0077,18.2939,68.6984
12.9558,18.141,68.9032
12.9281,18.0273,69.0447
12.9652,17.9451,69.0896
13.109,17.9395,68.9515
13.3841,18.0348,68.5811
13.8758,18.2609,67.8633
14.2364,18.3957,67.3678
14.9133,18.7851,66.3016
15.6511,19.2336,65.1153
16.159,19.5433,64.2977
16.7616,19.934,63.3044
16.0096,20.887,63.1034
15.832,20.7808,63.3872
15.6272,20.6577,63.7152
15.7063,20.6715,63.6222
16.0806,20.8193,63.1001
16.0576,20.7425,63.1999
16.0418,20.6935,63.2647
16.2502,20.7883,62.9615
16.6914,21.0998,62.2088
16.1684,20.7618,63.0698
15.8325,20.5474,63.62
15.8043,20.5189,63.6768
15.9621,20.6076,63.4303
15.5455,20.3092,64.1453
15.3369,20.1704,64.4927
15.0524,19.9952,64.9523
14.945,19.9365,65.1185
14.8253,19.8738,65.3009
14.4525,19.6507,65.8968
14.2509,19.5169,66.2322
14.1904,19.4618,66.3478
14.1683,19.4151,66.4165
14.0827,19.3368,66.5804
14.0716,19.2931,66.6353
13.9895,19.1974,66.8131
13.9483,19.1216,66.9301
13.873,19.0296,67.0974
13.7407,18.9057,67.3537
13.8202,18.9061,67.2738
13.8402,18.8758,67.284
13.9636,18.9189,67.1175
13.9519,18.8888,67.1593
14.0393,18.9203,67.0404
14.2045,19.0037,66.7918
14.1501,18.9297,66.9202
14.1606,18.9061,66.9333
14.2241,18.9034,66.8725
14.3856,18.9702,66.6442
14.431,18.9589,66.6101
14.5396,18.9928,66.4676
14.6081,19.006,66.3859
14.8156,19.1217,66.0628
15.0388,19.2458,65.7155
15.268,19.3708,65.3612
15.4374,19.4371,65.1255
15.4973,19.4211,65.0816
15.6569,19.4674,64.8757
15.7482,19.4341,64.8177
15.9652,19.5021,64.5326
16.2073,19.5889,64.2038
16.468,19.689,63.8431
16.8705,19.8976,63.2319
17.1829,20.0385,62.7787
17.4709,20.1613,62.3678
17.6685,20.258,62.0736
17.7772,20.2911,61.9317
17.9325,20.3607,61.7068
18.1633,20.4699,61.3668
18.4146,20.589,60.9963
18.6608,20.6751,60.6641
19.2018,22.8299,57.9683
17.2228,21.1605,61.6168
17.437,21.3533,61.2097
17.6884,21.5623,60.7493
17.113,21.0494,61.8375
16.7894,20.802,62.4086
17.7184,21.6323,60.6493
18.6221,22.4525,58.9254
19.56,23.2982,57.1418
19.6239,23.328,57.0481
18.7486,22.5064,58.745
17.8846,21.7156,60.3999
17.4575,21.3696,61.1729
17.3037,21.2688,61.4275
17.3258,21.3102,61.3639
17.0906,21.1713,61.7381
16.4568,20.6747,62.8685
16.6094,20.8197,62.5709
16.8289,21.0168,62.1543
16.0566,20.3621,63.5813
15.9987,20.3205,63.6807
16.1443,20.4796,63.3761
16.0328,20.3812,63.586
15.7199,20.1169,64.1633
15.1448,19.6688,65.1864
14.7914,19.4055,65.8032
14.5562,19.2312,66.2126
14.2431,18.9913,66.7655
14.0041,18.8186,67.1773
14.0985,18.8827,67.0188
14.3148,19.0146,66.6706
14.5192,19.1207,66.3601
14.5355,19.053,66.4115
14.4479,18.9123,66.6398
14.7952,19.1105,66.0943
15.0603,19.2703,65.6694
15.2406,19.3742,65.3852
15.6029,19.6467,64.7503
15.6828,19.6769,64.6403
15.6936,19.6105,64.6958
15.5658,19.3992,65.035
15.2342,18.9857,65.7801
15.1425,18.7825,66.075
15.1366,18.6285,66.2349
15.2301,18.5501,66.2198
15.5079,18.6264,65.8657
15.8572,18.7774,65.3654
16.173,18.9056,64.9213
16.5634,19.1093,64.3274
16.8942,19.2413,63.8646
17.2366,19.4081,63.3553
17.6234,19.6291,62.7476
17.9397,19.8338,62.2265
18.3076,20.0652,61.6272
18.5799,20.2192,61.2008
18.5782,20.0774,61.3444
18.8677,20.2409,60.8914
19.3009,20.5276,60.1715
20.0786,21.1166,58.8048
20.9513,21.8146,57.2341
