12.4434,18.846,68.7106
12.5719,18.96,68.4681
12.7596,19.0738,68.1665
12.8639,19.1553,67.9808
12.8535,19.2232,67.9232
12.9142,19.3031,67.7827
13.1153,19.3795,67.5051
13.1641,19.461,67.3749
13.2166,19.5488,67.2346
13.2827,19.6593,67.058
13.3234,19.7398,66.9368
13.4162,19.8004,66.7834
13.4774,19.84,66.6826
13.4927,19.9102,66.597
13.647,19.9643,66.3886
13.6832,19.9975,66.3194
13.7517,19.9805,66.2678
13.7607,20.0136,66.2257
13.8012,20.0501,66.1487
13.8714,20.123,66.0056
13.9522,20.2221,65.8257
14.0638,20.2597,65.6765
14.2359,20.3492,65.4149
14.33,20.4708,65.1991
14.4588,20.5549,64.9863
14.5301,20.6081,64.8618
14.6766,20.6086,64.7148
14.7605,20.7014,64.5382
14.8248,20.7267,64.4485
14.917,20.7425,64.3406
15.0068,20.7658,64.2274
15.0928,20.8425,64.0647
15.1939,20.8792,63.9269
15.2811,20.9116,63.8073
15.3535,20.9839,63.6626
15.4459,21.0461,63.508
15.5114,21.1007,63.3879
15.6085,21.1101,63.2814
15.7288,21.198,63.0732
15.8543,21.2649,62.8808
15.9907,21.366,62.6433
16.0745,21.3861,62.5394
16.176,21.4116,62.4125
16.2926,21.4902,62.2172
16.4159,21.5665,62.0176
16.5211,21.6102,61.8687
16.6122,21.6434,61.7445
16.6987,21.694,61.6073
16.767,21.7131,61.5199
16.8829,21.7886,61.3285
16.9982,21.8434,61.1584
17.1074,21.8887,61.004
17.1704,21.9154,60.9141
17.2336,21.928,60.8384
17.2625,21.9286,60.8089
17.2951,21.941,60.7638
17.3531,21.9464,60.7005
17.4469,21.9829,60.5702
17.4934,22.0012,60.5054
17.5889,22.044,60.3671
17.6885,22.1113,60.2002
17.7289,22.1289,60.1422
17.7744,22.1427,60.0829
17.8642,22.1612,59.9746
17.8919,22.1743,59.9339
18.0139,22.2126,59.7735
18.0528,22.2355,59.7117
18.1024,22.2585,59.6392
18.1256,22.2742,59.6002
18.2169,22.3004,59.4827
18.31,22.3434,59.3465
18.3381,22.3432,59.3186
18.4094,22.3726,59.218
18.5237,22.4208,59.0555
18.6044,22.4504,58.9452
18.6075,22.4362,58.9562
18.6696,22.4593,58.871
18.6957,22.458,58.8463
18.6919,22.4315,58.8766
18.7483,22.455,58.7967
18.7767,22.4602,58.7631
18.792,22.4548,58.7532
18.8737,22.4678,58.6585
18.9256,22.4939,58.5806
18.9708,22.521,58.5082
19.0403,22.5307,58.429
19.1325,22.5498,58.3176
19.2451,22.5745,58.1803
19.2749,22.5909,58.1343
19.302,22.6016,58.0964
19.3403,22.6067,58.053
19.4105,22.6274,57.962
19.4507,22.6598,57.8895
19.5088,22.689,57.8022
19.5279,22.6904,57.7817
19.6373,22.7123,57.6504
19.6672,22.7331,57.5996
19.7656,22.7664,57.468
19.8028,22.7565,57.4407
19.7979,22.7366,57.4654
19.8506,22.7352,57.4141
19.894,22.7391,57.3669
19.9062,22.7141,57.3797
19.9342,22.7148,57.351
19.945,22.7307,57.3243
19.987,22.7455,57.2675
19.9711,22.735,57.2939
19.9648,22.7135,57.3216
19.9892,22.7172,57.2935
20.0234,22.7163,57.2604
20.0662,22.7181,57.2157
20.0547,22.7459,57.1994
20.1169,22.7869,57.0962
20.1806,22.8002,57.0192
20.2183,22.8157,56.9659
20.2668,22.8132,56.92
20.3091,22.823,56.8679
20.3675,22.824,56.8085
20.4175,22.8483,56.7342
20.4572,22.8695,56.6733
20.452,22.8684,56.6796
20.48,22.8735,56.6465
20.5471,22.8728,56.5801
20.5744,22.8811,56.5445
20.6008,22.8934,56.5058
20.6391,22.8676,56.4933
20.6365,22.8786,56.4849
20.6554,22.8724,56.4722
20.6362,22.861,56.5029
20.6625,22.8767,56.4608
20.7176,22.9032,56.3792
20.7457,22.8826,56.3717
20.7358,22.878,56.3862
20.8496,22.9108,56.2396
20.8333,22.8978,56.269
20.8336,22.9022,56.2642
20.8431,22.8785,56.2785
20.8322,22.8692,56.2986
20.8464,22.8639,56.2897
20.8323,22.838,56.3297
20.8251,22.8535,56.3214
20.9091,22.8887,56.2022
20.9725,22.9132,56.1142
21.0234,22.9303,56.0463
21.02,22.9302,56.0497
21.0487,22.9379,56.0134
21.0732,22.9379,55.989
21.0718,22.93,55.9982
21.0804,22.9391,55.9805
21.074,22.9426,55.9834
21.1132,22.9575,55.9293
21.2128,22.9563,55.8309
21.2562,22.9729,55.7709
21.213,22.9489,55.8381
21.1904,22.938,55.8716
21.1823,22.9585,55.8592
21.2113,22.9634,55.8253
21.212,22.9405,55.8475
21.2511,22.937,55.8119
21.2986,22.9543,55.7471
21.3272,22.9517,55.7211
21.3055,22.9452,55.7493
21.266,22.9428,55.7911
21.3522,22.9525,55.6953
21.3391,22.9534,55.7076
21.3106,22.966,55.7234
21.3398,22.9661,55.694
21.4001,22.9541,55.6459
21.3875,22.9354,55.6771
21.4505,22.974,55.5755
21.3976,22.9379,55.6646
21.366,22.9396,55.6944
21.348,22.9368,55.7152
21.373,22.9605,55.6664
21.3987,22.943,55.6584
21.3834,22.9004,55.7163
21.3706,22.9079,55.7214
21.314,22.8717,55.8143
21.9304,23.0092,55.0604
21.5368,22.9241,55.5391
21.5937,22.9856,55.4207
21.6144,22.98,55.4056
21.9411,23.0614,54.9975
21.7857,23.0455,55.1688
21.8148,23.0552,55.1299
21.8767,23.0627,55.0606
21.964,23.08,54.956
21.9684,23.0765,54.955
22.1491,23.1745,54.6764
22.1513,23.1561,54.6926
22.1625,23.1557,54.6818
22.1755,23.1638,54.6607
22.1972,23.1469,54.6559
22.1777,23.1474,54.6749
22.1592,23.1189,54.7219
22.1735,23.1469,54.6796
22.1835,23.1443,54.6722
22.1714,23.1381,54.6905
22.1657,23.1133,54.721
22.1248,23.1121,54.7631
22.1105,23.1082,54.7813
22.1839,23.1225,54.6936
22.1264,23.1139,54.7597
22.1709,23.1135,54.7155
22.2519,23.1698,54.5783
22.3076,23.1907,54.5017
22.3408,23.1737,54.4855
22.3637,23.1728,54.4635
22.3461,23.1856,54.4684
22.3227,23.1433,54.534
22.3133,23.1612,54.5255
22.3275,23.1246,54.5479
22.3665,23.1615,54.4721
22.4204,23.1697,54.4099
22.4171,23.1585,54.4244
22.4552,23.159,54.3859
22.4877,23.1584,54.354
22.4957,23.157,54.3473
22.5574,23.1745,54.268
22.5176,23.1865,54.2959
22.4832,23.1784,54.3385
22.498,23.1883,54.3137
22.5022,23.1827,54.3152
22.4802,23.1556,54.3642
22.4728,23.1276,54.3996
22.529,23.1968,54.2742
22.5369,23.2027,54.2603
22.5027,23.1908,54.3066
22.4741,23.1747,54.3511
22.4931,23.1827,54.3242
22.5715,23.203,54.2255
22.5196,23.1927,54.2876
22.5497,23.2079,54.2424
22.6019,23.2145,54.1836
22.6645,23.2185,54.117
22.6253,23.1978,54.1769
22.6611,23.2182,54.1207
22.6775,23.2093,54.1132
22.7373,23.2273,54.0354
22.7848,23.2374,53.9778
22.7977,23.2417,53.9606
22.7985,23.2402,53.9613
22.8313,23.2583,53.9104
22.8242,23.2371,53.9387
22.7914,23.2296,53.979
22.7521,23.2087,54.0391
22.8223,23.2294,53.9482
22.8522,23.2393,53.9086
22.844,23.2461,53.9099
22.7495,23.2005,54.05
22.7207,23.1947,54.0846
22.6808,23.1876,54.1316
22.6953,23.187,54.1176
22.8311,23.2377,53.9312
22.8901,23.2441,53.8658
22.9142,23.2594,53.8264
22.8807,23.2521,53.8672
22.8233,23.2394,53.9374
22.8076,23.2268,53.9656
22.8205,23.2306,53.9489
22.8885,23.2624,53.849
22.8824,23.253,53.8646
22.8377,23.2353,53.927
22.8386,23.2454,53.916
22.8821,23.2638,53.8541
22.8918,23.2665,53.8417
22.9033,23.2629,53.8337
22.8815,23.2563,53.8623
22.885,23.2609,53.8541
22.9082,23.2647,53.8271
22.9168,23.266,53.8172
22.9536,23.271,53.7754
22.9826,23.2756,53.7417
23.0172,23.2755,53.7073
23.0998,23.2898,53.6104
23.1023,23.2889,53.6088
23.0941,23.2852,53.6207
23.0922,23.2917,53.6161
23.14,23.3083,53.5516
23.1707,23.3068,53.5225
23.1849,23.3008,53.5143
23.1443,23.2802,53.5755
23.1473,23.282,53.5707
23.1547,23.2801,53.5652
23.1543,23.2838,53.5619
23.1724,23.3068,53.5209
23.1475,23.3015,53.551
23.1294,23.3003,53.5703
23.083,23.2716,53.6454
23.0332,23.2608,53.706
23.0455,23.2615,53.693
23.0508,23.2763,53.6729
23.1086,23.2922,53.5992
23.1062,23.2808,53.6129
23.0342,23.2639,53.7018
23.0347,23.253,53.7123
23.0689,23.2656,53.6655
23.0844,23.2654,53.6502
23.0252,23.2496,53.7252
23.0746,23.2593,53.6661
23.0795,23.2646,53.6559
23.1093,23.2628,53.6279
23.0859,23.2385,53.6756
23.091,23.2672,53.6418
23.0996,23.2617,53.6387
23.0976,23.2644,53.638
23.0778,23.2738,53.6484
23.0326,23.2446,53.7228
23.0079,23.2352,53.7569
23.0463,23.2537,53.6999
23.0485,23.2411,53.7105
22.9815,23.2092,53.8093
22.993,23.2321,53.775
23.057,23.2538,53.6893
23.0766,23.2647,53.6587
23.0618,23.2547,53.6835
23.0722,23.2486,53.6792
23.1035,23.2648,53.6317
23.0922,23.267,53.6408
23.1501,23.284,53.5658
23.1512,23.2958,53.5531
23.1511,23.2995,53.5494
23.1528,23.3092,53.538
23.1249,23.2917,53.5834
23.0872,23.2608,53.652
23.1402,23.2951,53.5648
23.1167,23.2732,53.6102
23.1039,23.2785,53.6176
23.1109,23.2873,53.6018
23.0361,23.2439,53.72
23.0349,23.2658,53.6992
23.0064,23.274,53.7196
22.9618,23.2209,53.8172
22.9597,23.2147,53.8256
22.9785,23.2322,53.7893
22.9915,23.2377,53.7709
23.0216,23.2538,53.7246
23.004,23.2354,53.7606
23.0566,23.2605,53.6829
23.0964,23.28,53.6235
23.1018,23.2699,53.6283
23.1299,23.2777,53.5924
23.0786,23.2539,53.6675
23.0794,23.2418,53.6788
23.0872,23.2465,53.6663
23.0803,23.2553,53.6644
23.0691,23.2554,53.6756
23.0526,23.2538,53.6936
23.0018,23.2271,53.7711
22.9443,23.2106,53.8451
22.9575,23.2296,53.8129
22.9481,23.235,53.8168
22.9359,23.2145,53.8495
22.9552,23.2447,53.8001
22.8916,23.2081,53.9003
22.8948,23.1999,53.9052
23.2606,23.3257,53.4137
22.8523,23.1909,53.9568
22.8256,23.1805,53.9939
22.8027,23.163,54.0343
18.2213,22.3795,59.3992
18.2852,22.4064,59.3084
18.3368,22.4126,59.2505
18.4079,22.4329,59.1592
18.5369,22.4706,58.9926
18.606,22.493,58.901
18.6555,22.5136,58.8309
18.7289,22.5222,58.7489
18.7941,22.5398,58.6661
18.8463,22.5539,58.5998
18.9294,22.5762,58.4944
19.0028,22.5984,58.3988
19.0522,22.6124,58.3354
19.1728,22.6392,58.1879
19.2037,22.648,58.1482
19.2863,22.6643,58.0494
19.3446,22.6799,57.9755
19.4655,22.7159,57.8186
19.4972,22.7279,57.7749
19.5422,22.7332,57.7246
19.6043,22.7528,57.6429
19.6594,22.7639,57.5767
19.7061,22.7734,57.5205
19.7956,22.8028,57.4016
19.8704,22.8198,57.3098
19.9213,22.8382,57.2405
19.952,22.8383,57.2097
19.9999,22.8554,57.1447
20.0867,22.8714,57.042
20.1212,22.8819,56.9969
20.1466,22.8958,56.9576
20.1946,22.8997,56.9057
20.265,22.9128,56.8222
20.2433,22.914,56.8426
20.3082,22.9305,56.7613
20.3387,22.9434,56.7179
20.3787,22.9407,56.6807
20.3857,22.9318,56.6825
20.4635,22.9494,56.5871
20.4962,22.9455,56.5584
20.5573,22.9709,56.4719
20.5552,22.9726,56.4722
20.6055,22.9866,56.4079
20.6418,22.9787,56.3795
20.6813,22.9883,56.3304
20.7158,23.0006,56.2836
20.7234,23.0015,56.2751
20.7894,23.0149,56.1957
20.8328,23.0242,56.1431
20.8781,23.0294,56.0924
20.9245,23.0432,56.0322
20.9647,23.0569,55.9784
21.0274,23.0658,55.9068
21.0426,23.0653,55.8922
21.0926,23.0764,55.8311
21.1405,23.0784,55.7812
21.2049,23.0902,55.7049
21.2068,23.0868,55.7064
21.232,23.0963,55.6718
21.2687,23.1011,55.6302
21.2972,23.1046,55.5982
21.3189,23.1038,55.5773
21.3474,23.1042,55.5484
21.3798,23.1159,55.5043
21.3852,23.116,55.4988
21.4314,23.1182,55.4505
21.4455,23.1261,55.4284
21.4804,23.1315,55.3881
21.5099,23.1353,55.3548
21.5412,23.1409,55.3179
21.5581,23.1426,55.2992
21.5843,23.1526,55.2631
21.6101,23.1584,55.2315
21.6517,23.1664,55.1819
21.7052,23.159,55.1358
21.7211,23.171,55.1079
21.7469,23.1784,55.0747
21.7704,23.1775,55.0521
21.8294,23.1924,54.9783
21.8428,23.185,54.9722
21.8693,23.1975,54.9332
21.8863,23.2069,54.9068
21.9159,23.1972,54.8869
21.9462,23.2016,54.8522
21.9418,23.2103,54.8479
21.9617,23.2133,54.825
21.9825,23.2086,54.8089
22.0246,23.2089,54.7665
22.0473,23.2124,54.7403
22.09,23.2262,54.6838
22.1115,23.2302,54.6583
22.1479,23.2356,54.6165
22.1659,23.2329,54.6012
22.1915,23.2379,54.5706
22.218,23.2453,54.5367
22.2334,23.2518,54.5147
22.2686,23.2521,54.4793
22.2936,23.249,54.4574
22.2932,23.2514,54.4554
22.3058,23.2487,54.4454
22.3493,23.2596,54.3911
22.3825,23.2628,54.3547
22.3927,23.2604,54.3469
22.4041,23.2589,54.337
22.4431,23.2768,54.2801
22.4815,23.2775,54.2411
22.4828,23.278,54.2392
22.5025,23.2789,54.2186
22.5101,23.2876,54.2023
22.5098,23.2822,54.208
22.5228,23.2821,54.1951
22.5236,23.2862,54.1902
22.5155,23.2821,54.2024
22.5159,23.2907,54.1934
22.5715,23.2961,54.1324
22.5651,23.2981,54.1367
22.5938,23.303,54.1032
22.6699,23.3026,54.0275
22.6958,23.2996,54.0046
22.7147,23.3072,53.9781
22.7413,23.3086,53.9502
22.7285,23.3082,53.9633
22.7512,23.3106,53.9382
22.7636,23.3103,53.9261
22.7717,23.3171,53.9112
22.7798,23.3167,53.9035
22.7574,23.3184,53.9242
22.822,23.3252,53.8528
22.8127,23.3232,53.8641
22.8236,23.3257,53.8506
22.8058,23.3241,53.8701
22.8447,23.3314,53.824
22.8586,23.3307,53.8108
22.8798,23.3291,53.791
22.9064,23.3357,53.7579
22.9259,23.3345,53.7396
22.959,23.3351,53.7059
22.9743,23.3407,53.685
22.9771,23.3342,53.6888
22.99,23.3407,53.6693
22.9904,23.3337,53.6759
22.9965,23.3454,53.6581
23.0267,23.3483,53.6251
23.0286,23.3514,53.6201
23.0575,23.3441,53.5984
23.1148,23.3517,53.5335
23.1647,23.343,53.4923
23.2185,23.3561,53.4254
23.2244,23.3598,53.4157
23.2362,23.3519,53.4119
23.2474,23.3588,53.3937
23.242,23.3591,53.3989
23.249,23.3644,53.3866
23.2634,23.3665,53.3701
23.2778,23.3645,53.3577
23.2841,23.3616,53.3543
23.2773,23.3649,53.3578
23.2901,23.3617,53.3483
23.2914,23.3685,53.3401
23.2881,23.3621,53.3498
23.2987,23.3631,53.3381
23.3142,23.3559,53.3299
23.3151,23.3643,53.3206
23.3086,23.3627,53.3288
23.261,23.3627,53.3763
23.2921,23.3591,53.3488
23.3574,23.3636,53.279
23.3204,23.3626,53.3169
23.2634,23.3438,53.3928
23.2658,23.34,53.3942
23.3672,23.3597,53.2732
23.4119,23.3739,53.2142
23.392,23.3704,53.2376
23.3605,23.3642,53.2752
23.3448,23.3663,53.289
23.4499,23.3787,53.1714
23.4249,23.3762,53.1988
23.4559,23.3746,53.1695
23.3972,23.3653,53.2375
23.5067,23.3809,53.1124
23.4882,23.3807,53.1311
23.4019,23.3571,53.241
23.4897,23.375,53.1354
23.4913,23.376,53.1327
23.5685,23.3856,53.0459
23.5574,23.3826,53.06
23.5302,23.3861,53.0837
23.4885,23.3788,53.1327
23.5151,23.3798,53.1051
23.5297,23.3823,53.088
23.5614,23.3782,53.0604
23.5341,23.3785,53.0874
23.5311,23.3805,53.0885
23.5455,23.3822,53.0723
23.55,23.3779,53.0721
23.5652,23.377,53.0578
23.5836,23.3769,53.0395
23.5452,23.3787,53.0761
23.5798,23.387,53.0332
23.5966,23.378,53.0254
23.5985,23.3811,53.0203
23.5724,23.3746,53.053
23.5831,23.3864,53.0306
23.5681,23.3832,53.0487
23.5527,23.3747,53.0725
23.5717,23.3811,53.0472
23.603,23.3808,53.0161
23.6574,23.3899,52.9527
23.6183,23.3771,53.0046
23.546,23.3649,53.089
23.5246,23.3701,53.1053
23.5467,23.376,53.0773
23.5346,23.3704,53.095
23.6215,23.3824,52.9961
23.5906,23.3782,53.0313
23.4956,23.3534,53.1511
23.5108,23.3693,53.12
23.5108,23.3619,53.1273
23.5414,23.3819,53.0767
23.5616,23.3797,53.0586
23.4656,23.3446,53.1899
23.6025,23.38,53.0175
23.5408,23.3604,53.0987
23.6203,23.3767,53.003
23.63,23.3816,52.9884
23.6326,23.3833,52.984
23.6198,23.3808,52.9994
23.6102,23.3669,53.0228
23.619,23.3712,53.0098
23.6056,23.3582,53.0362
23.6856,23.3843,52.9301
23.6994,23.3819,52.9187
23.7297,23.3902,52.8802
23.6678,23.3868,52.9454
23.6368,23.3777,52.9855
23.558,23.355,53.087
23.5915,23.3645,53.0441
23.6759,23.3935,52.9306
23.6038,23.3667,53.0295
23.5838,23.3593,53.0569
23.7071,23.3847,52.9082
23.6983,23.3914,52.9103
23.6813,23.3838,52.9349
23.7071,23.3884,52.9045
23.6598,23.3768,52.9635
23.7049,23.3864,52.9087
23.6781,23.377,52.9449
23.6874,23.3782,52.9344
23.6069,23.3575,53.0355
23.724,23.3816,52.8943
23.6899,23.3841,52.926
23.7124,23.3946,52.8929
23.7557,23.393,52.8513
23.7271,23.3913,52.8816
23.6574,23.3726,52.97
23.6994,23.3842,52.9165
23.6644,23.3784,52.9571
23.7103,23.3938,52.8959
23.7782,23.4022,52.8196
23.7323,23.3841,52.8836
23.7238,23.3851,52.8911
23.6901,23.3771,52.9328
23.7072,23.3834,52.9094
23.7202,23.3847,52.8951
23.6923,23.386,52.9217
23.7374,23.3977,52.8649
23.6851,23.3887,52.9262
23.6714,23.3877,52.9409
23.696,23.3941,52.9099
23.6882,23.3877,52.9241
23.7626,23.3953,52.8421
23.7279,23.3872,52.8849
23.7114,23.3892,52.8994
23.6924,23.3861,52.9215
23.7238,23.3948,52.8814
23.6926,23.3863,52.921
23.6634,23.3735,52.9632
23.6771,23.3851,52.9378
23.7565,23.3887,52.8548
23.7259,23.3891,52.885
23.7707,23.4006,52.8288
23.7422,23.3967,52.8611
23.7157,23.3888,52.8955
23.6684,23.3797,52.9519
23.6847,23.3872,52.9281
23.6995,23.3857,52.9147
23.706,23.3928,52.9011
23.6378,23.3727,52.9895
23.71,23.3933,52.8967
23.7937,23.4082,52.7981
23.723,23.3913,52.8857
23.722,23.3943,52.8837
23.6962,23.3885,52.9153
23.6413,23.3784,52.9802
23.6977,23.3931,52.9092
23.7549,23.4081,52.837
23.7683,23.4103,52.8214
23.7262,23.3982,52.8756
23.7056,23.3937,52.9008
23.6969,23.3925,52.9106
23.7484,23.3974,52.8542
23.8053,23.41,52.7847
23.806,23.4154,52.7785
23.814,23.4068,52.7793
23.8034,23.4134,52.7832
24.1686,23.4612,52.3701
24.3137,23.4838,52.2025
23.7179,23.3905,52.8916
23.7182,23.3909,52.8908
23.6547,23.3847,52.9605
23.6995,23.3924,52.9081
23.7232,23.3969,52.8799
23.7825,23.4134,52.8041
23.7181,23.3924,52.8895
23.7475,23.4048,52.8477
23.7805,23.4097,52.8098
23.7931,23.4118,52.7951
23.7726,23.4112,52.8162
23.779,23.4128,52.8082
23.749,23.3988,52.8522
23.7907,23.4095,52.7998
23.7717,23.4101,52.8182
23.7828,23.4044,52.8128
23.7265,23.4031,52.8704
23.7081,23.3969,52.895
23.7367,23.4017,52.8616
23.7225,23.3982,52.8793
23.7353,23.3944,52.8703
23.7636,23.4105,52.8259
23.7436,23.4087,52.8477
23.7606,23.4116,52.8278
23.7087,23.4004,52.8909
23.7119,23.4058,52.8823
23.6756,23.4022,52.9222
23.6815,23.4049,52.9136
23.6743,23.397,52.9287
23.6737,23.4036,52.9228
23.6793,23.3948,52.9259
23.6544,23.3834,52.9622
23.6228,23.3862,52.991
23.6178,23.3841,52.9981
23.7626,23.4157,52.8217
23.6728,23.4011,52.926
23.7008,23.4134,52.8858
23.669,23.4054,52.9256
23.6444,23.3995,52.9561
23.6258,23.4043,52.9699
23.5375,23.3726,53.09
23.5934,23.393,53.0136
23.5702,23.3941,53.0357
23.5681,23.3925,53.0394
23.5687,23.3895,53.0417
23.8583,23.4329,52.7088
24.0413,23.4496,52.5091
24.6494,23.5032,51.8474
26.1527,23.6646,50.1827
23.3262,23.3551,53.3186
23.5261,23.3848,53.0891
23.3423,23.3609,53.2968
23.4322,23.3778,53.1899
17.8917,22.2742,59.8341
17.9767,22.3016,59.7217
18.0318,22.3123,59.6559
18.0641,22.3153,59.6207
18.1266,22.3381,59.5353
18.2007,22.3706,59.4287
18.2567,22.3854,59.3579
18.3208,22.4116,59.2677
18.3537,22.4146,59.2317
18.4096,22.4233,59.1671
18.4842,22.4472,59.0686
18.5409,22.4656,58.9935
18.5873,22.4858,58.9269
18.6385,22.5049,58.8567
18.6885,22.5222,58.7893
18.8001,22.5679,58.632
18.8094,22.5574,58.6332
18.8363,22.5596,58.6041
18.8855,22.5826,58.5318
18.9721,22.6026,58.4254
18.965,22.5912,58.4438
19.0164,22.6058,58.3778
19.0412,22.6076,58.3512
19.0962,22.6079,58.2959
19.1615,22.6348,58.2037
19.1983,22.6539,58.1478
19.2735,22.6734,58.0531
19.2472,22.6593,58.0934
19.2818,22.6617,58.0565
19.3426,22.6696,57.9879
19.4151,22.7045,57.8804
19.4724,22.723,57.8046
19.4939,22.7266,57.7795
19.5126,22.7223,57.7651
19.5583,22.7357,57.706
19.618,22.7573,57.6248
19.6958,22.7905,57.5137
19.758,22.8042,57.4379
19.7646,22.7965,57.4389
19.87,22.8128,57.3172
19.8868,22.8328,57.2804
19.9281,22.8371,57.2348
19.9664,22.8538,57.1798
19.9261,22.8151,57.2588
19.9537,22.837,57.2093
20.0238,22.8502,57.126
20.065,22.8679,57.0672
20.0271,22.8451,57.1277
20.0787,22.8623,57.059
20.1219,22.8711,57.007
20.2549,22.9088,56.8363
20.2807,22.9195,56.7998
20.3575,22.9397,56.7028
20.3459,22.9341,56.72
20.3906,22.9474,56.662
20.4034,22.9403,56.6563
20.3983,22.9363,56.6654
20.4689,22.9578,56.5733
20.5084,22.9642,56.5273
20.611,22.9957,56.3934
20.6786,23.0284,56.293
20.7343,23.0464,56.2193
20.781,23.0582,56.1609
20.8097,23.0517,56.1386
20.8109,23.051,56.1382
20.7851,23.0405,56.1745
20.8038,23.0345,56.1616
20.797,23.0382,56.1647
20.7994,23.0291,56.1715
20.856,23.0472,56.0968
20.8279,23.0404,56.1317
20.8484,23.0452,56.1064
20.8538,23.0403,56.106
20.8576,23.0291,56.1134
20.8484,23.0236,56.128
20.856,23.0287,56.1152
20.9788,23.0618,55.9594
20.9364,23.047,56.0165
20.9396,23.0339,56.0265
20.866,22.9959,56.1381
20.9673,23.0306,56.0022
21.1281,23.0903,55.7815
21.1837,23.1089,55.7073
21.1002,23.081,55.8188
21.0906,23.0603,55.8491
21.1326,23.0619,55.8055
21.1673,23.0793,55.7534
21.2499,23.1068,55.6433
21.1968,23.0769,55.7262
21.2913,23.1143,55.5945
21.2321,23.0737,55.6943
21.2415,23.0684,55.6901
21.3269,23.099,55.574
21.2652,23.068,55.6668
21.3602,23.0995,55.5403
21.3256,23.0871,55.5874
21.3084,23.0733,55.6183
21.3078,23.071,55.6212
21.4133,23.1057,55.481
21.4303,23.1102,55.4595
21.4695,23.1187,55.4118
21.3814,23.0775,55.5411
21.4403,23.0984,55.4612
21.5076,23.1237,55.3686
21.5902,23.1393,55.2706
21.4701,23.0894,55.4404
21.6741,23.1695,55.1564
21.6874,23.173,55.1396
21.7632,23.1896,55.0472
21.8319,23.2068,54.9612
21.773,23.1758,55.0513
21.7403,23.1483,55.1114
21.8635,23.1941,54.9424
21.9512,23.2323,54.8166
21.9377,23.2192,54.8431
21.8303,23.1703,54.9994
21.9999,23.2172,54.7829
22.0201,23.2258,54.7541
21.9796,23.2052,54.8152
21.9586,23.2016,54.8398
22.0241,23.2142,54.7617
21.9842,23.1895,54.8263
22.1052,23.2209,54.6739
22.1416,23.2292,54.6292
22.2087,23.2471,54.5443
22.2429,23.2434,54.5138
22.2263,23.2296,54.5441
22.1873,23.2139,54.5988
22.355,23.2696,54.3754
22.3813,23.2656,54.3531
22.3312,23.2446,54.4242
22.3989,23.2714,54.3297
22.3785,23.2588,54.3627
22.3883,23.2611,54.3506
22.3719,23.2511,54.3769
22.3969,23.2537,54.3494
22.4519,23.2694,54.2787
22.4413,23.2649,54.2938
22.463,23.2596,54.2774
22.4339,23.2499,54.3161
22.4347,23.2572,54.308
22.4245,23.2445,54.3311
22.4396,23.2489,54.3115
22.3752,23.2251,54.3996
22.4254,23.2437,54.3309
22.4579,23.2534,54.2887
22.4472,23.2374,54.3154
22.4336,23.2229,54.3435
22.4846,23.2362,54.2792
22.531,23.2569,54.2121
22.5254,23.2425,54.2321
22.499,23.2311,54.2698
22.5238,23.2373,54.2389
22.5537,23.2585,54.1878
22.5727,23.2602,54.1671
22.6049,23.2556,54.1395
22.6217,23.2632,54.1151
22.6789,23.2883,54.0327
22.7135,23.2962,53.9903
22.7004,23.2732,54.0264
22.7443,23.2853,53.9705
22.7533,23.2847,53.9619
22.7593,23.2843,53.9564
22.7785,23.2832,53.9384
22.7739,23.2844,53.9418
22.8273,23.2958,53.877
22.814,23.2981,53.8878
22.7352,23.2657,53.9991
22.7299,23.2464,54.0237
22.8319,23.2893,53.8788
22.9353,23.3192,53.7456
22.9913,23.3302,53.6785
22.9399,23.3252,53.7349
22.9692,23.3256,53.7052
22.9949,23.3305,53.6747
22.8845,23.2899,53.8255
22.8592,23.2904,53.8504
22.9747,23.3209,53.7044
22.9502,23.3123,53.7375
22.8882,23.2916,53.8202
23.0049,23.3274,53.6677
23.0683,23.3409,53.5907
22.9848,23.313,53.7022
22.9873,23.3253,53.6874
22.9336,23.2978,53.7686
23.0025,23.3099,53.6877
23.0072,23.3216,53.6712
22.9729,23.3063,53.7209
23.0076,23.3001,53.6923
23.0403,23.306,53.6537
23.1154,23.3238,53.5608
23.1917,23.3478,53.4605
23.2514,23.3625,53.3862
23.2991,23.371,53.3299
23.209,23.3515,53.4395
23.1853,23.3385,53.4762
23.1505,23.3169,53.5326
23.0771,23.2953,53.6277
23.0648,23.2898,53.6454
23.174,23.3196,53.5065
23.132,23.3131,53.555
23.0576,23.2888,53.6536
23.0992,23.2993,53.6015
23.0952,23.2966,53.6082
23.1192,23.3029,53.5779
23.2796,23.3567,53.3637
23.3454,23.3736,53.281
23.261,23.3484,53.3906
23.2963,23.3459,53.3578
23.2848,23.3447,53.3706
23.2306,23.3274,53.4421
23.3481,23.3596,53.2922
23.346,23.3504,53.3036
23.2881,23.3437,53.3682
23.3384,23.3531,53.3084
23.1601,23.2983,53.5416
23.3224,23.3453,53.3323
23.4039,23.3535,53.2426
23.2784,23.3263,53.3954
23.3783,23.344,53.2777
23.4185,23.3651,53.2163
23.3711,23.3516,53.2773
23.4027,23.3547,53.2425
23.4109,23.3593,53.2298
23.4784,23.3734,53.1482
23.3343,23.3345,53.3313
23.2722,23.3133,53.4145
23.352,23.3417,53.3063
23.4143,23.3514,53.2343
23.4296,23.3525,53.2179
23.4659,23.3638,53.1702
23.4381,23.3564,53.2056
23.4299,23.3449,53.2253
23.4758,23.362,53.1621
23.4387,23.3525,53.2088
23.4333,23.3484,53.2183
23.4579,23.3506,53.1915
23.4643,23.3496,53.1861
23.5675,23.3682,53.0643
23.4073,23.3339,53.2588
23.4491,23.3386,53.2123
23.3797,23.3213,53.299
23.5025,23.3463,53.1512
23.404,23.3392,53.2567
23.4395,23.3458,53.2147
23.3942,23.3283,53.2775
23.3679,23.3307,53.3013
23.371,23.338,53.291
23.3035,23.3173,53.3792
23.3836,23.3367,53.2796
23.4677,23.3489,53.1834
23.4027,23.345,53.2523
23.4064,23.343,53.2506
23.351,23.3267,53.3223
23.3127,23.3139,53.3734
23.3808,23.338,53.2812
23.4034,23.3458,53.2508
23.3502,23.3264,53.3234
23.3906,23.3354,53.274
23.277,23.3026,53.4205
23.3545,23.3298,53.3157
23.2673,23.3083,53.4244
23.3,23.3119,53.3881
23.3292,23.3245,53.3463
23.3554,23.3319,53.3127
23.2719,23.3136,53.4144
23.1813,23.279,53.5397
23.3282,23.3417,53.3301
23.2432,23.3088,53.448
23.3615,23.3399,53.2986
23.3233,23.3245,53.3522
23.4682,23.371,53.1608
23.4873,23.3798,53.1329
23.4459,23.3689,53.1852
23.3361,23.3273,53.3366
23.3975,23.3521,53.2504
23.3572,23.3397,53.3031
23.3098,23.3165,53.3737
23.3054,23.3111,53.3834
23.2918,23.315,53.3932
23.2978,23.3189,53.3833
23.3014,23.3207,53.3778
23.2535,23.3046,53.4418
23.3408,23.3331,53.3261
23.319,23.3282,53.3528
23.2451,23.2997,53.4552
23.291,23.3134,53.3956
23.358,23.3368,53.3052
23.2572,23.2941,53.4487
23.3099,23.3134,53.3767
23.3682,23.3351,53.2968
23.3517,23.3296,53.3187
23.474,23.3588,53.1672
23.43,23.3472,53.2227
23.4017,23.3406,53.2577
23.4299,23.3487,53.2214
23.4664,23.3572,53.1764
23.4753,23.3529,53.1718
23.438,23.3413,53.2206
23.4752,23.3579,53.1669
23.4736,23.3648,53.1616
23.4706,23.3684,53.1611
23.4309,23.3503,53.2187
23.4086,23.3443,53.2471
23.3959,23.3508,53.2533
23.3683,23.348,53.2837
23.3213,23.327,53.3517
23.3233,23.333,53.3438
23.362,23.3479,53.2901
23.365,23.3424,53.2926
23.3617,23.3388,53.2995
23.3292,23.3312,53.3397
23.3858,23.3448,53.2694
23.3536,23.3385,53.308
23.3269,23.3408,53.3323
23.2901,23.3232,53.3867
23.2366,23.3217,53.4417
23.2726,23.3369,53.3905
23.2704,23.3346,53.395
23.2896,23.3366,53.3737
23.1246,23.2972,53.5782
23.1036,23.2951,53.6013
23.1904,23.3176,53.492
23.2313,23.3326,53.4361
23.2248,23.3318,53.4434
23.2423,23.3398,53.4179
23.1613,23.3219,53.5169
23.1837,23.3252,53.4911
23.1968,23.3335,53.4697
23.2017,23.3344,53.4639
23.3495,23.3792,53.2713
23.1612,23.3256,53.5133
23.1391,23.3198,53.5411
23.2066,23.345,53.4484
23.1397,23.3299,53.5303
23.1504,23.3195,53.5301
23.1315,23.3245,53.544
23.1333,23.3371,53.5296
23.0622,23.3201,53.6177
23.0129,23.3084,53.6787
23.0375,23.3129,53.6496
23.2078,23.341,53.4512
23.0989,23.3147,53.5864
23.1261,23.3307,53.5432
23.187,23.3508,53.4623
23.1324,23.3258,53.5418
23.2901,23.3699,53.34
23.3608,23.3977,53.2415
23.1154,23.3455,53.5391
23.0604,23.3278,53.6118
23.1482,23.3468,53.5049
23.3115,23.3789,53.3097
23.5939,23.4523,52.9539
22.8962,23.2774,53.8264
22.7774,23.2377,53.9848
22.8673,23.2623,53.8704
22.9442,23.293,53.7628
22.922,23.2925,53.7855
22.944,23.29,53.766
23.0088,23.3024,53.6888
17.9051,22.0222,60.0727
17.9799,22.0634,59.9567
18.0448,22.089,59.8662
18.1196,22.1082,59.7721
18.147,22.1076,59.7455
18.1453,22.0942,59.7605
18.003,21.9848,60.0122
18.0286,22.0113,59.9601
18.1334,22.0617,59.8049
18.1565,22.029,59.8146
18.2867,22.0781,59.6352
18.3341,22.0954,59.5705
18.376,22.1425,59.4815
18.489,22.1937,59.3173
18.5544,22.239,59.2066
18.5562,22.234,59.2098
18.5963,22.2493,59.1545
18.5834,22.2289,59.1877
18.5866,22.2338,59.1796
18.5606,22.2209,59.2185
18.578,22.2428,59.1792
18.5925,22.2304,59.1772
18.6379,22.2437,59.1184
18.6649,22.2591,59.0759
18.7782,22.3114,58.9104
18.8864,22.3507,58.7629
18.9316,22.3424,58.726
18.928,22.3461,58.7259
19.0459,22.42,58.5341
19.1327,22.4567,58.4106
19.28,22.5121,58.2078
19.3459,22.51,58.1441
19.3622,22.5079,58.1299
19.4402,22.5423,58.0175
19.5167,22.5763,57.9069
19.553,22.5926,57.8544
19.6193,22.6333,57.7474
19.6506,22.6401,57.7094
19.6765,22.6221,57.7014
19.7643,22.637,57.5987
19.7762,22.6344,57.5893
19.8285,22.6585,57.513
19.8522,22.6677,57.4801
19.9379,22.6822,57.3799
19.952,22.6612,57.3869
19.9858,22.7337,57.2805
20.0114,22.7262,57.2625
20.0368,22.7238,57.2394
20.0893,22.7516,57.1591
20.0968,22.7459,57.1574
20.1454,22.7777,57.0769
20.1558,22.7757,57.0686
20.1976,22.7643,57.0381
20.2343,22.7812,56.9846
20.2722,22.8075,56.9203
20.3142,22.8146,56.8712
20.3597,22.8236,56.8167
20.3887,22.8258,56.7854
20.4276,22.8301,56.7423
20.4555,22.8641,56.6804
20.4933,22.8924,56.6143
20.5454,22.9021,56.5525
20.5968,22.8995,56.5037
20.6428,22.914,56.4432
20.6862,22.9274,56.3864
20.7342,22.9408,56.325
20.7744,22.936,56.2895
20.8426,22.9819,56.1755
20.8926,23.001,56.1064
20.9257,23.0042,56.0701
20.9522,22.984,56.0638
20.9879,22.9847,56.0274
21.0057,22.9968,55.9975
21.0314,22.9887,55.9799
21.0423,22.9863,55.9713
21.0417,22.9679,55.9903
21.0503,22.9568,55.9929
21.0943,23.0074,55.8983
21.0895,22.995,55.9155
21.1303,22.9969,55.8727
21.1654,22.9808,55.8538
21.2041,22.988,55.8078
21.2282,23.0063,55.7655
21.256,23.0276,55.7164
21.2836,23.0357,55.6806
21.2664,23.0207,55.7129
21.3064,23.0366,55.657
21.3999,23.0762,55.5238
21.3608,23.0318,55.6074
21.3381,22.9651,55.6969
21.3516,23.0274,55.621
21.4217,23.0663,55.512
21.396,23.0163,55.5876
21.4072,23.0201,55.5727
21.4509,23.0391,55.51
21.4576,23.0027,55.5397
21.5295,23.0513,55.4193
21.6431,23.1434,55.2136
21.6157,23.0975,55.2868
21.6088,23.0622,55.329
21.6502,23.0508,55.299
21.7125,23.0943,55.1933
21.8,23.1443,55.0557
21.8415,23.1543,55.0042
21.8616,23.1399,54.9985
21.9073,23.1542,54.9385
21.9551,23.1776,54.8673
21.9654,23.1805,54.8541
21.9879,23.1897,54.8224
21.9859,23.1739,54.8402
21.9682,23.1622,54.8696
22.0112,23.1894,54.7993
21.9767,23.1559,54.8674
21.9991,23.1606,54.8402
22.0284,23.1643,54.8073
22.0975,23.2013,54.7013
22.1367,23.2141,54.6492
22.1956,23.2386,54.5658
22.2196,23.2214,54.559
22.2411,23.2225,54.5364
22.286,23.2354,54.4786
22.2999,23.241,54.459
22.3451,23.2489,54.4061
22.3603,23.2507,54.389
22.3729,23.2479,54.3792
22.3947,23.2571,54.3482
22.4108,23.254,54.3352
22.4644,23.2669,54.2686
22.5008,23.28,54.2193
22.4966,23.281,54.2224
22.5093,23.2827,54.208
22.4922,23.256,54.2518
22.4454,23.2273,54.3273
22.4529,23.2234,54.3237
22.4554,23.2257,54.3189
22.4791,23.2285,54.2923
22.4702,23.2186,54.3112
22.5023,23.2316,54.2661
22.5359,23.2588,54.2052
22.5283,23.2311,54.2407
22.5738,23.2518,54.1744
22.6031,23.2682,54.1287
22.6279,23.275,54.0972
22.6362,23.2712,54.0926
22.6905,23.2871,54.0224
22.7042,23.2895,54.0063
22.7347,23.302,53.9633
22.6848,23.2719,54.0433
22.731,23.2847,53.9843
22.7586,23.2933,53.9481
22.787,23.2993,53.9138
22.7956,23.2958,53.9086
22.8036,23.2915,53.905
22.8187,23.2857,53.8955
22.841,23.2931,53.8659
22.8516,23.2957,53.8526
22.8623,23.3022,53.8355
22.8417,23.29,53.8684
22.8359,23.2778,53.8863
22.8309,23.273,53.8961
22.8261,23.264,53.9099
22.8384,23.2638,53.8978
22.9017,23.2832,53.8151
22.9417,23.3062,53.7521
22.9391,23.2954,53.7655
22.9525,23.2991,53.7485
23.0038,23.3188,53.6774
22.998,23.3051,53.6969
22.9955,23.3034,53.7011
23.0179,23.3075,53.6746
23.084,23.3338,53.5822
23.2447,23.4011,53.3541
23.2838,23.4111,53.3051
23.2803,23.4074,53.3122
23.317,23.4193,53.2638
23.3287,23.4186,53.2528
23.2663,23.3884,53.3453
23.1043,23.311,53.5847
23.0863,23.3001,53.6136
23.1308,23.3184,53.5508
23.1146,23.3033,53.5821
23.1196,23.3055,53.575
23.1119,23.2959,53.5922
23.1331,23.3074,53.5595
23.2006,23.3204,53.479
23.2077,23.3137,53.4786
23.2208,23.3181,53.4611
23.195,23.2966,53.5084
23.3026,23.3435,53.3539
23.3689,23.3778,53.2533
23.4497,23.4026,53.1478
23.3908,23.384,53.2252
23.3554,23.3709,53.2737
23.3403,23.3654,53.2943
23.3255,23.358,53.3165
23.3198,23.3495,53.3307
23.2908,23.339,53.3702
23.3082,23.3505,53.3413
23.2413,23.3099,53.4488
23.2376,23.3129,53.4494
23.3402,23.3769,53.2828
23.3955,23.3886,53.2159
23.3787,23.375,53.2464
23.3787,23.3774,53.2439
23.4614,23.4176,53.121
23.3769,23.3706,53.2525
23.3525,23.3558,53.2917
23.3312,23.3441,53.3246
23.2819,23.324,53.394
23.2787,23.3251,53.3963
23.1837,23.2711,53.5452
23.1763,23.2757,53.548
23.0406,23.1851,53.7742
23.029,23.1958,53.7753
23.1167,23.2692,53.6141
23.1605,23.2708,53.5687
23.3621,23.3728,53.2651
23.2712,23.3371,53.3917
23.1332,23.2401,53.6267
23.0721,23.1595,53.7683
23.1036,23.1441,53.7523
23.1016,23.2299,53.6685
23.0879,23.2191,53.693
23.1413,23.2616,53.597
23.1108,23.1986,53.6906
23.4003,23.1677,53.4319
23.0508,23.0616,53.8876
23.0467,23.1287,53.8246
23.511,23.4131,53.0759
23.6597,23.4575,52.8828
23.7541,23.4848,52.7611
23.8217,23.4977,52.6806
23.6601,23.4144,52.9255
23.714,23.4342,52.8518
23.6552,23.4215,52.9234
23.8133,23.4869,52.6998
23.8511,23.4984,52.6504
23.7527,23.4524,52.795
23.6997,23.4398,52.8605
23.6753,23.4116,52.9131
23.4265,23.3091,53.2644
23.4389,23.3138,53.2473
23.5344,23.3644,53.1012
23.475,23.3424,53.1826
23.3842,23.3044,53.3114
23.3531,23.2875,53.3594
23.3593,23.2845,53.3562
23.6141,23.4277,52.9582
23.5517,23.4002,53.0481
23.1966,23.1981,53.6052
24.1383,23.2499,52.6119
23.0983,23.1404,53.7613
23.315,23.2668,53.4182
23.7849,23.4742,52.7409
23.7266,23.4323,52.8411
23.5596,23.3541,53.0863
23.5926,23.368,53.0393
23.5491,23.3451,53.1057
23.42,23.2698,53.3101
23.4168,23.2702,53.3131
23.4374,23.3062,53.2564
23.3818,23.2752,53.343
23.4925,23.3366,53.171
23.4666,23.3245,53.209
23.5799,23.3867,53.0333
23.5155,23.3538,53.1307
23.4162,23.3166,53.2672
23.3099,23.2585,53.4315
23.2787,23.2074,53.5139
23.504,23.3698,53.1261
23.3366,23.2565,53.4068
23.2324,23.1849,53.5826
23.1079,23.0563,53.8358
31.3027,25.4246,43.2727
23.8464,23.3416,52.812
23.0391,23.1846,53.7763
23.3538,23.3361,53.3101
23.552,23.4136,53.0344
23.7153,23.4911,52.7936
23.4653,23.3831,53.1516
23.1566,23.2326,53.6108
23.1492,23.2625,53.5882
23.0052,23.2101,53.7847
22.784,23.0712,54.1448
22.9598,23.1938,53.8464
22.9906,23.2052,53.8042
22.9615,23.197,53.8415
23.1467,23.3029,53.5504
23.1723,23.319,53.5087
23.1624,23.3084,53.5292
23.0575,23.2561,53.6864
23.0583,23.2762,53.6655
23.0277,23.2745,53.6978
22.8489,23.1943,53.9568
22.7541,23.163,54.0829
22.6532,23.1138,54.233
22.6488,23.1293,54.2219
22.5409,23.099,54.3601
22.4231,23.0738,54.5031
22.3381,23.0673,54.5946
22.1306,22.9854,54.8841
28.0967,24.8754,47.0279
27.9781,24.7446,47.2773
28.0387,24.7617,47.1996
27.5979,24.6595,47.7425
27.9391,24.6897,47.3712
28.2015,24.7413,47.0571
28.4055,24.8048,46.7896
28.4755,24.85,46.6745
21.7888,22.7979,55.4133
22.1344,22.9539,54.9118
25.7903,24.1401,50.0696
22.6585,23.2242,54.1174
22.521,23.19,54.289
22.5666,23.2378,54.1956
22.566,23.107,54.327
22.4639,23.1534,54.3828
22.4136,23.073,54.5134
22.0332,22.9875,54.9793
27.649,24.8297,47.5213
25.4691,24.1189,50.412
26.3926,24.4343,49.173
25.8207,24.3086,49.8707
21.4738,22.8054,55.7208
25.5066,24.2193,50.2741
25.6385,24.2172,50.1442
25.4944,24.1556,50.35
25.4632,24.1553,50.3815
25.3379,24.0973,50.5649
25.2403,24.0464,50.7132
25.1677,24.0429,50.7895
20.1394,22.1191,57.7414
25.0655,24.0593,50.8751
20.7504,22.4273,56.8223
21.218,22.6433,56.1387
22.384,23.0148,54.6011
22.9706,23.2703,53.7591
21.9592,22.981,55.0598
22.0667,23.0932,54.8401
22.1712,23.1482,54.6806
22.2244,23.1387,54.6369
22.2391,23.1223,54.6386
22.4479,23.244,54.308
22.48,23.2659,54.254
22.5109,23.2686,54.2205
22.4946,23.2603,54.2451
22.4514,23.2292,54.3194
22.4312,23.217,54.3518
22.423,23.2183,54.3587
22.5229,23.2903,54.1868
22.3519,23.205,54.4431
22.2684,23.2095,54.5221
22.0619,23.1267,54.8114
21.8049,23.0016,55.1935
22.0915,23.1518,54.7567
21.7524,23.0642,55.1834
21.5222,22.9742,55.5037
21.771,23.0024,55.2266
26.1714,24.5619,49.2667
25.868,24.4225,49.7095
18.5112,22.5305,58.9583
18.5748,22.5465,58.8786
18.63,22.5594,58.8106
18.7136,22.5843,58.7021
18.7715,22.597,58.6315
18.8413,22.6191,58.5397
18.905,22.6371,58.458
18.998,22.6549,58.3472
19.0528,22.6753,58.2719
19.1175,22.6939,58.1886
19.1703,22.7076,58.1221
19.2117,22.7139,58.0744
19.3148,22.7376,57.9476
19.3761,22.7556,57.8683
19.4369,22.7744,57.7887
19.456,22.7773,57.7667
19.5191,22.7905,57.6904
19.5661,22.803,57.6309
19.6374,22.8124,57.5502
19.6971,22.8315,57.4714
19.7333,22.8382,57.4285
19.8376,22.8572,57.3052
19.8821,22.8718,57.2461
19.9404,22.8792,57.1804
20.0109,22.9046,57.0845
20.0467,22.9056,57.0477
20.1214,22.9291,56.9495
20.1824,22.9413,56.8763
20.2433,22.9555,56.8012
20.2678,22.9567,56.7754
20.2967,22.9652,56.7382
20.3335,22.9745,56.692
20.4136,22.9918,56.5946
20.4455,22.9987,56.5558
20.4848,23.0013,56.5139
20.5531,23.0174,56.4295
20.5911,23.0187,56.3902
20.6492,23.0378,56.313
20.6998,23.0392,56.2611
20.7374,23.0535,56.2091
20.7962,23.0635,56.1404
20.8769,23.0813,56.0418
20.9719,23.0913,55.9368
20.9869,23.096,55.9171
21.054,23.1058,55.8401
21.039,23.1082,55.8529
21.1014,23.1215,55.7771
21.1424,23.126,55.7316
21.1523,23.1356,55.7121
21.1599,23.126,55.714
21.2724,23.1534,55.5742
21.2681,23.1516,55.5803
21.2849,23.152,55.5631
21.2376,23.1355,55.6269
21.399,23.1708,55.4302
21.3072,23.1544,55.5384
21.4145,23.1672,55.4183
21.5258,23.1869,55.2874
21.6035,23.1957,55.2008
21.5363,23.191,55.2727
21.4774,23.1756,55.347
21.6336,23.199,55.1675
21.6883,23.2098,55.1019
21.6492,23.2036,55.1471
21.7354,23.2155,55.0492
21.8247,23.2337,54.9416
21.7827,23.2239,54.9934
21.7841,23.2258,54.9902
21.837,23.2296,54.9334
21.9112,23.2421,54.8466
21.9162,23.2313,54.8525
21.9378,23.237,54.8252
21.9541,23.2402,54.8056
21.9662,23.2378,54.796
22.0309,23.2478,54.7213
22.0831,23.2607,54.6562
22.1386,23.2666,54.5948
22.1443,23.2613,54.5944
22.2186,23.2761,54.5053
22.1628,23.2633,54.574
22.2234,23.2713,54.5053
22.2157,23.2699,54.5144
22.26,23.278,54.462
22.2762,23.2759,54.4479
22.3666,23.2912,54.3422
22.3829,23.2938,54.3233
22.3765,23.2863,54.3372
22.4153,23.2906,54.2941
22.4617,23.3035,54.2349
22.4163,23.2945,54.2892
22.391,23.2897,54.3193
22.4325,23.3012,54.2663
22.505,23.3063,54.1887
22.5417,23.3114,54.1469
22.5127,23.3034,54.1839
22.5425,23.3031,54.1544
22.5625,23.3058,54.1317
22.6368,23.3128,54.0504
22.6545,23.3139,54.0316
22.68,23.3204,53.9996
22.7124,23.3139,53.9737
22.6962,23.3104,53.9935
22.6844,23.3142,54.0014
22.6835,23.313,54.0035
22.7568,23.3264,53.9167
22.7937,23.3213,53.8849
22.812,23.3281,53.86
22.8188,23.3244,53.8568
22.8369,23.3266,53.8365
22.8422,23.3233,53.8345
22.8877,23.3275,53.7848
22.8601,23.3277,53.8122
22.8747,23.3244,53.801
22.909,23.338,53.753
22.9266,23.3372,53.7362
22.9023,23.3329,53.7648
22.8736,23.3256,53.8007
22.894,23.3255,53.7805
22.8856,23.3191,53.7953
22.9535,23.3387,53.7077
22.9375,23.329,53.7335
22.92,23.3323,53.7476
22.9201,23.3254,53.7545
22.9305,23.3258,53.7437
22.9448,23.324,53.7312
22.9852,23.3357,53.6791
22.9672,23.3242,53.7086
23.0367,23.3405,53.6228
23.0148,23.3319,53.6533
23.0411,23.3343,53.6246
23.0269,23.3346,53.6385
23.022,23.3307,53.6473
22.9974,23.3264,53.6762
22.9815,23.3183,53.7003
23.0237,23.3315,53.6448
23.0191,23.3306,53.6503
23.0614,23.3403,53.5983
23.0664,23.3381,53.5955
22.9991,23.3205,53.6804
22.9792,23.3225,53.6982
22.949,23.3152,53.7358
22.9232,23.3058,53.7709
22.9174,23.3083,53.7743
22.8733,23.3042,53.8225
23.0186,23.3262,53.6551
23.0608,23.3288,53.6105
23.077,23.3387,53.5843
23.089,23.3359,53.5752
22.9798,23.3192,53.701
22.9836,23.3147,53.7017
22.9718,23.3166,53.7117
22.98,23.3165,53.7035
23.0567,23.3305,53.6128
23.0255,23.3308,53.6437
23.0157,23.3226,53.6617
22.9776,23.3088,53.7136
23.0171,23.326,53.6569
23.017,23.3203,53.6627
23.0336,23.3236,53.6428
23.0371,23.3284,53.6345
23.0242,23.3283,53.6475
23.0508,23.326,53.6232
23.0423,23.3212,53.6365
22.9869,23.3045,53.7086
23.0505,23.3206,53.6289
23.0506,23.3225,53.6269
23.0509,23.3193,53.6298
23.1019,23.3285,53.5696
23.1767,23.3382,53.4851
23.1683,23.3347,53.497
23.1928,23.3386,53.4686
23.1941,23.3295,53.4764
23.2549,23.3555,53.3896
23.2569,23.3479,53.3952
23.3171,23.3597,53.3232
23.2732,23.3453,53.3815
23.2652,23.3482,53.3866
23.2766,23.351,53.3724
23.2599,23.3443,53.3958
23.2915,23.3498,53.3588
