23.1801,20.8039,56.0161
22.9801,20.8336,56.1863
22.7542,20.824,56.4218
22.4983,20.7937,56.7081
22.3016,20.7905,56.9079
22.2491,20.8944,56.8565
22.2201,21.0369,56.743
22.1363,21.1537,56.71
21.9427,21.1818,56.8756
21.7086,21.1619,57.1295
21.4283,21.1155,57.4562
21.1344,21.0566,57.809
20.849,20.9964,58.1546
20.5443,20.9271,58.5287
20.2168,20.8349,58.9484
19.8806,20.7315,59.3879
19.576,20.6679,59.7561
19.2861,20.6173,60.0966
19.0343,20.5803,60.3854
18.8027,20.5749,60.6225
18.6054,20.5813,60.8133
18.4526,20.6059,60.9415
18.307,20.5982,61.0948
18.0529,20.5374,61.4097
17.7426,20.4422,61.8152
16.0936,19.2207,64.6857
14.2265,17.8581,67.9154
13.4974,17.4597,69.0429
12.7885,17.1187,70.0927
12.1772,16.811,71.0118
11.917,16.788,71.295
11.633,16.7655,71.6015
11.6758,16.887,71.4372
11.9062,17.0811,71.0127
11.7612,17.1274,71.1114
11.7995,17.2593,70.9412
12.0894,17.4736,70.437
12.1131,17.5786,70.3083
11.9091,17.5871,70.5038
11.9315,17.7027,70.3659
11.9627,17.8128,70.2245
11.9485,17.8861,70.1654
11.9858,17.9957,70.0185
12.0465,18.1075,69.846
12.0529,18.2152,69.7319
12.1671,18.3302,69.5027
12.2351,18.4228,69.3422
12.3629,18.5227,69.1144
12.2003,18.5979,69.2018
12.2477,18.6957,69.0566
12.535,18.7863,68.6787
12.4434,18.846,68.7106
12.5719,18.96,68.4681
12.7596,19.0738,68.1665
12.8639,19.1553,67.9808
12.8535,19.2232,67.9232
12.9142,19.3031,67.7827
13.1153,19.3795,67.5051
13.1641,19.461,67.3749
13.2166,19.5488,67.2346
13.2827,19.6593,67.058
13.3234,19.7398,66.9368
13.4162,19.8004,66.7834
13.4774,19.84,66.6826
13.4927,19.9102,66.597
13.647,19.9643,66.3886
13.6832,19.9975,66.3194
13.7517,19.9805,66.2678
13.7607,20.0136,66.2257
13.8012,20.0501,66.1487
13.8714,20.123,66.0056
13.9522,20.2221,65.8257
14.0638,20.2597,65.6765
14.2359,20.3492,65.4149
14.33,20.4708,65.1991
14.4588,20.5549,64.9863
14.5301,20.6081,64.8618
14.6766,20.6086,64.7148
14.7605,20.7014,64.5382
14.8248,20.7267,64.4485
14.917,20.7425,64.3406
15.0068,20.7658,64.2274
15.0928,20.8425,64.0647
15.1939,20.8792,63.9269
15.2811,20.9116,63.8073
15.3535,20.9839,63.6626
15.4459,21.0461,63.508
15.5114,21.1007,63.3879
15.6085,21.1101,63.2814
15.7288,21.198,63.0732
15.8543,21.2649,62.8808
15.9907,21.366,62.6433
16.0745,21.3861,62.5394
16.176,21.4116,62.4125
16.2926,21.4902,62.2172
16.4159,21.5665,62.0176
16.5211,21.6102,61.8687
16.6122,21.6434,61.7445
16.6987,21.694,61.6073
16.767,21.7131,61.5199
16.8829,21.7886,61.3285
16.9982,21.8434,61.1584
17.1074,21.8887,61.004
17.1704,21.9154,60.9141
17.2336,21.928,60.8384
17.2625,21.9286,60.8089
17.2951,21.941,60.7638
17.3531,21.9464,60.7005
17.4469,21.9829,60.5702
17.4934,22.0012,60.5054
17.5889,22.044,60.3671
17.6885,22.1113,60.2002
17.7289,22.1289,60.1422
17.7744,22.1427,60.0829
17.8642,22.1612,59.9746
17.8919,22.1743,59.9339
18.0139,22.2126,59.7735
18.0528,22.2355,59.7117
18.1024,22.2585,59.6392
18.1256,22.2742,59.6002
18.2169,22.3004,59.4827
18.31,22.3434,59.3465
18.3381,22.3432,59.3186
18.4094,22.3726,59.218
18.5237,22.4208,59.0555
18.6044,22.4504,58.9452
18.6075,22.4362,58.9562
18.6696,22.4593,58.871
18.6957,22.458,58.8463
18.6919,22.4315,58.8766
18.7483,22.455,58.7967
18.7767,22.4602,58.7631
18.792,22.4548,58.7532
18.8737,22.4678,58.6585
18.9256,22.4939,58.5806
18.9708,22.521,58.5082
19.0403,22.5307,58.429
19.1325,22.5498,58.3176
19.2451,22.5745,58.1803
19.2749,22.5909,58.1343
19.302,22.6016,58.0964
19.3403,22.6067,58.053
19.4105,22.6274,57.962
19.4507,22.6598,57.8895
19.5088,22.689,57.8022
19.5279,22.6904,57.7817
19.6373,22.7123,57.6504
19.6672,22.7331,57.5996
19.7656,22.7664,57.468
19.8028,22.7565,57.4407
19.7979,22.7366,57.4654
19.8506,22.7352,57.4141
19.894,22.7391,57.3669
19.9062,22.7141,57.3797
19.9342,22.7148,57.351
19.945,22.7307,57.3243
19.987,22.7455,57.2675
19.9711,22.735,57.2939
19.9648,22.7135,57.3216
19.9892,22.7172,57.2935
20.0234,22.7163,57.2604
20.0662,22.7181,57.2157
20.0547,22.7459,57.1994
20.1169,22.7869,57.0962
20.1806,22.8002,57.0192
20.2183,22.8157,56.9659
20.2668,22.8132,56.92
20.3091,22.823,56.8679
20.3675,22.824,56.8085
20.4175,22.8483,56.7342
20.4572,22.8695,56.6733
20.452,22.8684,56.6796
20.48,22.8735,56.6465
20.5471,22.8728,56.5801
20.5744,22.8811,56.5445
20.6008,22.8934,56.5058
20.6391,22.8676,56.4933
20.6365,22.8786,56.4849
20.6554,22.8724,56.4722
20.6362,22.861,56.5029
20.6625,22.8767,56.4608
20.7176,22.9032,56.3792
20.7457,22.8826,56.3717
20.7358,22.878,56.3862
20.8496,22.9108,56.2396
20.8333,22.8978,56.269
20.8336,22.9022,56.2642
20.8431,22.8785,56.2785
20.8322,22.8692,56.2986
20.8464,22.8639,56.2897
20.8323,22.838,56.3297
20.8251,22.8535,56.3214
20.9091,22.8887,56.2022
20.9725,22.9132,56.1142
21.0234,22.9303,56.0463
21.02,22.9302,56.0497
21.0487,22.9379,56.0134
21.0732,22.9379,55.989
21.0718,22.93,55.9982
21.0804,22.9391,55.9805
21.074,22.9426,55.9834
21.1132,22.9575,55.9293
21.2128,22.9563,55.8309
21.2562,22.9729,55.7709
21.213,22.9489,55.8381
21.1904,22.938,55.8716
21.1823,22.9585,55.8592
21.2113,22.9634,55.8253
21.212,22.9405,55.8475
21.2511,22.937,55.8119
21.2986,22.9543,55.7471
21.3272,22.9517,55.7211
21.3055,22.9452,55.7493
21.266,22.9428,55.7911
21.3522,22.9525,55.6953
21.3391,22.9534,55.7076
21.3106,22.966,55.7234
21.3398,22.9661,55.694
21.4001,22.9541,55.6459
21.3875,22.9354,55.6771
21.4505,22.974,55.5755
21.3976,22.9379,55.6646
21.366,22.9396,55.6944
21.348,22.9368,55.7152
21.373,22.9605,55.6664
21.3987,22.943,55.6584
21.3834,22.9004,55.7163
21.3706,22.9079,55.7214
21.314,22.8717,55.8143
21.9304,23.0092,55.0604
21.5368,22.9241,55.5391
21.5937,22.9856,55.4207
21.6144,22.98,55.4056
21.9411,23.0614,54.9975
21.7857,23.0455,55.1688
21.8148,23.0552,55.1299
21.8767,23.0627,55.0606
21.964,23.08,54.956
21.9684,23.0765,54.955
22.1491,23.1745,54.6764
22.1513,23.1561,54.6926
22.1625,23.1557,54.6818
22.1755,23.1638,54.6607
22.1972,23.1469,54.6559
22.1777,23.1474,54.6749
22.1592,23.1189,54.7219
22.1735,23.1469,54.6796
22.1835,23.1443,54.6722
22.1714,23.1381,54.6905
22.1657,23.1133,54.721
22.1248,23.1121,54.7631
22.1105,23.1082,54.7813
22.1839,23.1225,54.6936
22.1264,23.1139,54.7597
22.1709,23.1135,54.7155
22.2519,23.1698,54.5783
22.3076,23.1907,54.5017
22.3408,23.1737,54.4855
22.3637,23.1728,54.4635
22.3461,23.1856,54.4684
22.3227,23.1433,54.534
22.3133,23.1612,54.5255
22.3275,23.1246,54.5479
22.3665,23.1615,54.4721
22.4204,23.1697,54.4099
22.4171,23.1585,54.4244
22.4552,23.159,54.3859
22.4877,23.1584,54.354
22.4957,23.157,54.3473
22.5574,23.1745,54.268
22.5176,23.1865,54.2959
22.4832,23.1784,54.3385
22.498,23.1883,54.3137
22.5022,23.1827,54.3152
22.4802,23.1556,54.3642
22.4728,23.1276,54.3996
22.529,23.1968,54.2742
22.5369,23.2027,54.2603
22.5027,23.1908,54.3066
22.4741,23.1747,54.3511
22.4931,23.1827,54.3242
22.5715,23.203,54.2255
22.5196,23.1927,54.2876
22.5497,23.2079,54.2424
22.6019,23.2145,54.1836
22.6645,23.2185,54.117
22.6253,23.1978,54.1769
22.6611,23.2182,54.1207
22.6775,23.2093,54.1132
22.7373,23.2273,54.0354
22.7848,23.2374,53.9778
22.7977,23.2417,53.9606
22.7985,23.2402,53.9613
22.8313,23.2583,53.9104
22.8242,23.2371,53.9387
22.7914,23.2296,53.979
22.7521,23.2087,54.0391
22.8223,23.2294,53.9482
22.8522,23.2393,53.9086
22.844,23.2461,53.9099
22.7495,23.2005,54.05
22.7207,23.1947,54.0846
22.6808,23.1876,54.1316
22.6953,23.187,54.1176
22.8311,23.2377,53.9312
22.8901,23.2441,53.8658
22.9142,23.2594,53.8264
22.8807,23.2521,53.8672
22.8233,23.2394,53.9374
22.8076,23.2268,53.9656
22.8205,23.2306,53.9489
22.8885,23.2624,53.849
22.8824,23.253,53.8646
22.8377,23.2353,53.927
22.8386,23.2454,53.916
22.8821,23.2638,53.8541
22.8918,23.2665,53.8417
22.9033,23.2629,53.8337
22.8815,23.2563,53.8623
22.885,23.2609,53.8541
22.9082,23.2647,53.8271
22.9168,23.266,53.8172
22.9536,23.271,53.7754
22.9826,23.2756,53.7417
23.0172,23.2755,53.7073
23.0998,23.2898,53.6104
23.1023,23.2889,53.6088
23.0941,23.2852,53.6207
23.0922,23.2917,53.6161
23.14,23.3083,53.5516
23.1707,23.3068,53.5225
23.1849,23.3008,53.5143
23.1443,23.2802,53.5755
23.1473,23.282,53.5707
23.1547,23.2801,53.5652
23.1543,23.2838,53.5619
23.1724,23.3068,53.5209
23.1475,23.3015,53.551
23.1294,23.3003,53.5703
23.083,23.2716,53.6454
23.0332,23.2608,53.706
23.0455,23.2615,53.693
23.0508,23.2763,53.6729
23.1086,23.2922,53.5992
23.1062,23.2808,53.6129
23.0342,23.2639,53.7018
23.0347,23.253,53.7123
23.0689,23.2656,53.6655
23.0844,23.2654,53.6502
23.0252,23.2496,53.7252
23.0746,23.2593,53.6661
23.0795,23.2646,53.6559
23.1093,23.2628,53.6279
23.0859,23.2385,53.6756
23.091,23.2672,53.6418
23.0996,23.2617,53.6387
23.0976,23.2644,53.638
23.0778,23.2738,53.6484
23.0326,23.2446,53.7228
23.0079,23.2352,53.7569
23.0463,23.2537,53.6999
23.0485,23.2411,53.7105
22.9815,23.2092,53.8093
22.993,23.2321,53.775
23.057,23.2538,53.6893
23.0766,23.2647,53.6587
23.0618,23.2547,53.6835
23.0722,23.2486,53.6792
23.1035,23.2648,53.6317
23.0922,23.267,53.6408
23.1501,23.284,53.5658
23.1512,23.2958,53.5531
23.1511,23.2995,53.5494
23.1528,23.3092,53.538
23.1249,23.2917,53.5834
23.0872,23.2608,53.652
23.1402,23.2951,53.5648
23.1167,23.2732,53.6102
23.1039,23.2785,53.6176
23.1109,23.2873,53.6018
23.0361,23.2439,53.72
23.0349,23.2658,53.6992
23.0064,23.274,53.7196
22.9618,23.2209,53.8172
22.9597,23.2147,53.8256
22.9785,23.2322,53.7893
22.9915,23.2377,53.7709
23.0216,23.2538,53.7246
23.004,23.2354,53.7606
23.0566,23.2605,53.6829
23.0964,23.28,53.6235
23.1018,23.2699,53.6283
23.1299,23.2777,53.5924
23.0786,23.2539,53.6675
23.0794,23.2418,53.6788
23.0872,23.2465,53.6663
23.0803,23.2553,53.6644
23.0691,23.2554,53.6756
23.0526,23.2538,53.6936
23.0018,23.2271,53.7711
22.9443,23.2106,53.8451
22.9575,23.2296,53.8129
22.9481,23.235,53.8168
22.9359,23.2145,53.8495
22.9552,23.2447,53.8001
22.8916,23.2081,53.9003
22.8948,23.1999,53.9052
23.2606,23.3257,53.4137
22.8523,23.1909,53.9568
22.8256,23.1805,53.9939
22.8027,23.163,54.0343
22.809,23.1834,54.0076
22.7872,23.1739,54.039
22.7336,23.1193,54.147
22.7185,23.097,54.1845
22.5987,23.0759,54.3253
22.5987,23.1091,54.2923
22.7364,23.1411,54.1224
22.8084,23.184,54.0076
22.8194,23.1933,53.9873
22.8351,23.1994,53.9654
22.8343,23.1919,53.9738
22.8373,23.1801,53.9826
22.8429,23.1798,53.9773
22.8369,23.1802,53.9829
22.8066,23.177,54.0164
22.7786,23.1696,54.0517
22.7688,23.1668,54.0644
22.7541,23.1614,54.0845
22.6736,23.1301,54.1963
22.4353,23.0386,54.5261
22.462,23.0509,54.4871
24.144,23.5892,52.2668
22.4426,23.0398,54.5176
22.6195,23.1269,54.2536
22.6995,23.1612,54.1394
22.7002,23.145,54.1548
22.703,23.1434,54.1537
22.7286,23.1744,54.0969
22.745,23.1684,54.0865
22.7388,23.1831,54.0781
22.7121,23.1455,54.1424
22.7095,23.1649,54.1256
22.7235,23.1937,54.0828
22.6989,23.1853,54.1158
22.6818,23.167,54.1512
22.7005,23.1556,54.144
22.7003,23.1659,54.1338
22.6879,23.164,54.1481
22.6944,23.1809,54.1247
22.7075,23.1849,54.1075
22.6632,23.1661,54.1708
22.6667,23.1634,54.1699
22.6503,23.1782,54.1715
22.6597,23.1871,54.1532
22.6461,23.2027,54.1513
22.6057,23.1635,54.2308
22.5675,23.1649,54.2676
22.5317,23.1484,54.3198
22.5334,23.1256,54.341
22.4891,23.1436,54.3672
22.5081,23.1265,54.3654
22.4574,23.1294,54.4132
22.4179,23.1091,54.4729
22.3594,23.0995,54.5411
22.2219,23.032,54.7462
22.6386,23.118,54.2434
21.9119,22.9069,55.1812
22.3996,23.0968,54.5036
22.3672,23.0399,54.5929
22.5726,23.1301,54.2973
23.4064,23.4614,53.1322
23.4454,23.4469,53.1077
23.7075,23.5881,52.7044
22.6358,23.1576,54.2066
22.534,23.1709,54.2951
22.9936,23.3528,53.6536
22.1394,23.0274,54.8332
22.4424,23.1673,54.3902
21.9918,22.9892,55.019
22.1031,23.0142,54.8828
22.1818,23.0405,54.7778
22.0764,23.0165,54.9071
22.0783,23.0338,54.8879
22.0606,23.0146,54.9248
22.0308,23.0227,54.9465
22.0083,23.0239,54.9679
22.0399,23.0173,54.9427
21.9424,23.0121,55.0455
21.9556,23.0053,55.0391
21.941,23.0082,55.0508
21.8903,22.9848,55.1249
21.9016,22.9672,55.1312
21.9399,22.9577,55.1023
21.9654,22.9832,55.0514
21.9386,22.9666,55.0948
21.8925,22.9518,55.1557
21.8298,22.9479,55.2223
21.7683,22.9478,55.2839
21.7551,22.9304,55.3146
21.7425,22.9327,55.3248
21.5912,22.9024,55.5064
21.55,22.8102,55.6398
22.4635,23.1167,54.4198
21.8612,22.8814,55.2574
22.2495,23.0836,54.6669
21.2897,22.7478,55.9625
21.9646,22.9444,55.091
24.2387,23.9122,51.849
21.2145,22.7162,56.0692
21.3768,22.7981,55.8251
21.4484,22.8132,55.7384
21.2898,22.7632,55.947
22.0825,23.0727,54.8448
21.6492,22.8984,55.4523
22.07,23.0484,54.8816
25.0761,24.27,50.6538
21.4662,22.7312,55.8026
21.368,22.7472,55.8848
23.0111,23.4542,53.5347
22.8404,23.4155,53.7441
22.2182,23.1119,54.6699
21.1143,22.6454,56.2403
21.1621,22.6822,56.1557
21.3585,22.8285,55.813
21.3026,22.8107,55.8867
21.6796,22.9193,55.4011
21.1552,22.7351,56.1096
21.2052,22.7825,56.0123
21.3224,22.8385,55.8392
21.2541,22.8143,55.9316
21.21,22.7951,55.9949
21.2775,22.8255,55.897
21.2452,22.8488,55.906
21.265,22.8569,55.8781
21.176,22.7801,56.0439
21.0498,22.7617,56.1885
21.066,22.7776,56.1564
21.0241,22.7536,56.2223
21.1118,22.7822,56.106
21.1666,22.8429,55.9906
21.128,22.8214,56.0507
21.0076,22.7128,56.2795
21.1412,22.7418,56.117
20.9546,22.749,56.2964
21.0103,22.798,56.1917
20.9632,22.7669,56.2699
20.9175,22.7615,56.321
20.923,22.7556,56.3214
20.946,22.7544,56.2996
21.0043,22.7918,56.2039
20.9407,22.7539,56.3053
20.89,22.6925,56.4175
20.8653,22.7183,56.4165
20.8714,22.7437,56.3849
20.8706,22.7378,56.3916
20.8318,22.7075,56.4607
20.8048,22.6833,56.5119
20.7869,22.6949,56.5182
20.7675,22.6754,56.5572
20.727,22.694,56.579
20.682,22.6678,56.6503
20.6563,22.6712,56.6725
20.6815,22.679,56.6395
20.6214,22.653,56.7256
20.5808,22.6321,56.7871
20.6206,22.6091,56.7704
20.5246,22.6052,56.8702
20.5125,22.5972,56.8902
20.4557,22.5306,57.0137
20.4286,22.5488,57.0225
20.4963,22.6066,56.897
20.4568,22.5728,56.9704
20.4186,22.5548,57.0267
20.3832,22.5464,57.0704
20.3663,22.552,57.0817
20.3562,22.5593,57.0845
20.2684,22.5272,57.2045
20.3123,22.5487,57.139
20.3066,22.5567,57.1367
20.2531,22.5546,57.1923
20.2334,22.5661,57.2005
20.2003,22.5283,57.2714
20.1567,22.4996,57.3437
20.1387,22.5067,57.3546
20.0789,22.4759,57.4452
20.0664,22.4658,57.4678
19.9974,22.4414,57.5611
19.9324,22.4201,57.6475
19.8819,22.4073,57.7108
19.8923,22.417,57.6908
19.8909,22.4159,57.6932
19.8573,22.3937,57.749
19.7865,22.3542,57.8593
19.6378,22.2929,58.0693
19.7488,22.3032,57.948
21.3799,23.0465,55.5736
19.628,22.3124,58.0597
19.6692,22.3545,57.9763
19.6652,22.3514,57.9834
19.6129,22.3384,58.0486
19.5303,22.3007,58.169
19.4358,22.2413,58.3229
19.374,22.2357,58.3903
19.4936,22.3121,58.1943
19.4839,22.2774,58.2387
19.3816,22.2605,58.3579
19.2846,22.1991,58.5164
19.2105,22.1547,58.6348
19.1696,22.133,58.6974
19.1347,22.1091,58.7563
19.3205,22.2017,58.4778
19.34,22.1872,58.4728
19.3665,22.252,58.3815
19.1504,22.088,58.7616
18.8558,21.9556,59.1885
19.5836,22.3084,58.108
18.7822,22.0322,59.1857
18.8882,22.1288,58.983
18.9976,22.2025,58.7999
18.9874,22.1669,58.8457
18.906,22.1618,58.9322
18.8381,22.1697,58.9922
18.7925,22.0773,59.1302
18.7277,22.0795,59.1928
18.6653,22.0364,59.2983
18.5853,22.0047,59.4101
18.4958,21.9212,59.5831
18.3997,21.8721,59.7282
18.3729,21.8865,59.7406
18.341,21.8603,59.7986
18.304,21.8284,59.8675
18.2635,21.7794,59.9571
18.1408,21.705,60.1541
18.897,22.0927,59.0103
17.9407,21.66,60.3993
18.0686,21.7318,60.1995
18.0177,21.7447,60.2375
18.0112,21.7521,60.2367
18.0083,21.762,60.2298
17.9631,21.7428,60.294
17.8814,21.7294,60.3891
17.8604,21.7086,60.4311
17.8241,21.6733,60.5026
17.7466,21.622,60.6314
17.6561,21.5664,60.7775
17.5609,21.4796,60.9595
17.4508,21.4295,61.1197
17.41,21.3946,61.1953
17.3662,21.3854,61.2485
17.3169,21.367,61.316
17.2958,21.3555,61.3487
17.253,21.3403,61.4066
17.2374,21.3146,61.448
17.141,21.2616,61.5973
17.0139,21.184,61.8021
16.9845,21.1314,61.884
16.9477,21.1077,61.9447
16.8896,21.0424,62.068
16.7735,20.9818,62.2447
16.7462,20.9272,62.3265
16.6737,20.8566,62.4697
16.499,20.7843,62.7167
16.5003,20.7735,62.7262
16.4331,20.7526,62.8142
16.3616,20.7287,62.9098
16.2633,20.6939,63.0429
16.129,20.6711,63.1999
16.1405,20.6528,63.2068
16.2105,20.6134,63.176
16.0998,20.5411,63.3591
15.9396,20.44,63.6205
15.8862,20.3996,63.7142
15.6877,20.3205,63.9918
15.7072,20.321,63.9718
15.6031,20.2804,64.1165
15.6356,20.2799,64.0845
15.6524,20.2817,64.0659
15.5915,20.2492,64.1594
15.634,20.2458,64.1201
15.5355,20.2112,64.2533
15.4714,20.177,64.3516
15.4184,20.149,64.4326
15.338,20.1086,64.5534
15.1925,20.051,64.7565
15.1238,20.0271,64.8491
15.1163,20.0129,64.8708
14.9642,19.9561,65.0798
14.9179,19.9145,65.1676
14.8235,19.8565,65.32
14.7662,19.8099,65.4239
14.7509,19.7696,65.4795
14.6827,19.7331,65.5843
14.6086,19.6709,65.7205
14.6282,19.6355,65.7363
14.6177,19.5788,65.8035
14.6528,19.5554,65.7918
14.6498,19.5113,65.8389
14.5286,19.4208,66.0506
14.3646,19.3399,66.2955
14.3173,19.2931,66.3896
14.39,19.2992,66.3108
14.3491,19.2526,66.3982
14.1614,19.1648,66.6738
14.202,19.1656,66.6324
14.2277,19.1606,66.6116
14.1026,19.0829,66.8145
14.0266,19.0394,66.9339
14.0162,19.0015,66.9824
14.1832,19.0363,66.7804
14.3218,19.0636,66.6147
14.2774,18.9974,66.7252
14.2037,18.9169,66.8794
14.2364,18.8739,66.8897
14.4641,18.95,66.5858
14.5694,18.9695,66.4611
14.517,18.908,66.5751
14.4984,18.8554,66.6462
14.5084,18.8462,66.6455
14.4338,18.8254,66.7408
14.7709,19.0628,66.1663
14.9313,19.1397,65.929
14.9874,19.1269,65.8856
14.9361,19.0715,65.9923
15.0812,19.1339,65.7849
15.1623,19.1206,65.7171
15.4204,19.2444,65.3352
15.5071,19.2433,65.2496
15.2969,19.0405,65.6626
15.6106,19.2195,65.1699
15.8021,19.321,64.8769
15.8594,19.348,64.7926
15.8778,19.2582,64.8639
15.9884,19.2705,64.7411
15.9911,19.2993,64.7097
16.0887,19.3388,64.5725
16.2499,19.3041,64.446
16.1847,19.1703,64.645
16.1877,19.2161,64.5962
16.6447,19.5302,63.8251
16.9047,19.6099,63.4854
17.1326,19.6863,63.1811
17.279,19.6315,63.0894
17.4535,19.6356,62.9109
17.3856,19.5568,63.0576
17.3324,19.506,63.1616
17.7359,19.7293,62.5348
18.0744,19.8541,62.0715
18.3626,19.9583,61.6791
18.6878,20.0929,61.2194
18.9632,20.1971,60.8397
19.2001,20.2887,60.5112
19.4414,20.3785,60.1801
19.5691,20.3891,60.0418
19.7552,20.4204,59.8244
20.0286,20.4912,59.4802
20.3679,20.5956,59.0365
20.6447,20.6601,58.6952
21.0101,20.7512,58.2387
21.3769,20.8266,57.7965
21.7471,20.9047,57.3482
22.0905,20.9706,56.9389
22.54,21.0991,56.3609
23.0407,21.2507,55.7085
23.556,21.4015,55.0425
24.035,21.5251,54.4399
24.3946,21.6437,53.9617
24.9205,21.8728,53.2068
25.6793,22.2051,52.1156
26.4397,22.5076,51.0527
27.1365,22.8024,50.0611
27.8445,23.1046,49.0509
21.325,20.6495,58.0255
21.0055,20.5308,58.4637
20.6003,20.3902,59.0096
20.2489,20.2782,59.4729
19.916,20.1782,59.9058
19.5937,20.1013,60.3049
19.3542,20.0497,60.5962
19.081,20.0089,60.9102
18.8564,19.9965,61.1471
18.6428,19.9903,61.3669
18.4905,20.0009,61.5085
18.2756,19.9998,61.7246
18.0471,19.9842,61.9687
17.8318,19.9934,62.1748
17.6192,19.9942,62.3866
17.41,19.9673,62.6227
17.1859,19.9449,62.8692
16.9439,19.9184,63.1377
15.1697,18.8984,65.932
13.7105,18.0635,68.2259
13.4039,18.0156,68.5805
13.0182,17.9741,69.0078
12.4538,17.7844,69.7618
12.2854,17.8304,69.8842
12.2724,17.9375,69.7901
12.2165,18.0064,69.7771
12.0755,18.065,69.8594
12.09,18.1887,69.7214
11.983,18.2508,69.7662
11.8473,18.2905,69.8621
11.8974,18.434,69.6685
12.0325,18.5948,69.3727
12.1698,18.7362,69.0941
12.1881,18.8197,68.9922
12.2437,18.9184,68.8379
12.2302,18.9891,68.7807
12.2795,19.0889,68.6317
12.3463,19.1938,68.4599
12.4044,19.2884,68.3073
12.4936,19.4063,68.1001
12.5482,19.4656,67.9861
12.565,19.5383,67.8967
12.718,19.6586,67.6234
12.8321,19.7728,67.3951
12.8332,19.8131,67.3536
13.0327,19.9298,67.0375
13.2596,20.0619,66.6785
13.317,20.1223,66.5607
13.3313,20.1613,66.5074
13.4329,20.2256,66.3415
13.5172,20.2978,66.185
13.6353,20.3878,65.9769
13.6952,20.4521,65.8527
13.8215,20.5252,65.6533
13.9835,20.619,65.3975
14.1063,20.7022,65.1915
14.2304,20.7655,65.0042
14.2351,20.7879,64.977
14.3826,20.8584,64.759
14.5045,20.9168,64.5787
14.628,20.9894,64.3826
14.7424,21.0418,64.2159
14.8728,21.0988,64.0283
14.9545,21.1508,63.8947
15.032,21.1908,63.7771
15.0823,21.2163,63.7014
15.0949,21.2326,63.6724
15.2471,21.2874,63.4655
15.2616,21.3048,63.4337
15.3645,21.3502,63.2853
15.4021,21.3729,63.225
15.5576,21.4358,63.0066
15.6488,21.4736,62.8776
15.7396,21.5201,62.7403
15.801,21.547,62.652
15.8734,21.5842,62.5424
16.0644,21.6499,62.2857
16.1184,21.6681,62.2135
16.1268,21.6735,62.1997
16.2353,21.7062,62.0585
16.328,21.7327,61.9393
16.3846,21.7596,61.8558
16.4796,21.8043,61.7161
16.5768,21.8413,61.5819
16.668,21.8831,61.4489
16.7843,21.9174,61.2982
16.8808,21.9553,61.1639
16.9903,22.0082,61.0015
17.0579,22.0268,60.9154
17.1421,22.0544,60.8035
17.2426,22.0911,60.6663
17.3237,22.1135,60.5628
17.401,22.1415,60.4575
17.4862,22.1712,60.3426
17.5485,22.18,60.2715
17.6208,22.2009,60.1783
17.6845,22.2254,60.0902
17.7442,22.2407,60.0152
17.8404,22.2624,59.8972
17.9009,22.2869,59.8121
17.9902,22.3152,59.6946
18.0875,22.3339,59.5786
18.1733,22.3686,59.458
18.2213,22.3795,59.3992
18.2852,22.4064,59.3084
18.3368,22.4126,59.2505
18.4079,22.4329,59.1592
18.5369,22.4706,58.9926
18.606,22.493,58.901
18.6555,22.5136,58.8309
18.7289,22.5222,58.7489
18.7941,22.5398,58.6661
18.8463,22.5539,58.5998
18.9294,22.5762,58.4944
19.0028,22.5984,58.3988
19.0522,22.6124,58.3354
19.1728,22.6392,58.1879
19.2037,22.648,58.1482
19.2863,22.6643,58.0494
19.3446,22.6799,57.9755
19.4655,22.7159,57.8186
19.4972,22.7279,57.7749
19.5422,22.7332,57.7246
19.6043,22.7528,57.6429
19.6594,22.7639,57.5767
19.7061,22.7734,57.5205
19.7956,22.8028,57.4016
19.8704,22.8198,57.3098
19.9213,22.8382,57.2405
19.952,22.8383,57.2097
19.9999,22.8554,57.1447
20.0867,22.8714,57.042
20.1212,22.8819,56.9969
20.1466,22.8958,56.9576
20.1946,22.8997,56.9057
20.265,22.9128,56.8222
20.2433,22.914,56.8426
20.3082,22.9305,56.7613
20.3387,22.9434,56.7179
20.3787,22.9407,56.6807
20.3857,22.9318,56.6825
20.4635,22.9494,56.5871
20.4962,22.9455,56.5584
20.5573,22.9709,56.4719
20.5552,22.9726,56.4722
20.6055,22.9866,56.4079
20.6418,22.9787,56.3795
20.6813,22.9883,56.3304
20.7158,23.0006,56.2836
20.7234,23.0015,56.2751
20.7894,23.0149,56.1957
20.8328,23.0242,56.1431
20.8781,23.0294,56.0924
20.9245,23.0432,56.0322
20.9647,23.0569,55.9784
21.0274,23.0658,55.9068
21.0426,23.0653,55.8922
21.0926,23.0764,55.8311
21.1405,23.0784,55.7812
21.2049,23.0902,55.7049
21.2068,23.0868,55.7064
21.232,23.0963,55.6718
21.2687,23.1011,55.6302
21.2972,23.1046,55.5982
21.3189,23.1038,55.5773
21.3474,23.1042,55.5484
21.3798,23.1159,55.5043
21.3852,23.116,55.4988
21.4314,23.1182,55.4505
21.4455,23.1261,55.4284
21.4804,23.1315,55.3881
21.5099,23.1353,55.3548
21.5412,23.1409,55.3179
21.5581,23.1426,55.2992
21.5843,23.1526,55.2631
21.6101,23.1584,55.2315
21.6517,23.1664,55.1819
21.7052,23.159,55.1358
21.7211,23.171,55.1079
21.7469,23.1784,55.0747
21.7704,23.1775,55.0521
21.8294,23.1924,54.9783
21.8428,23.185,54.9722
21.8693,23.1975,54.9332
21.8863,23.2069,54.9068
21.9159,23.1972,54.8869
21.9462,23.2016,54.8522
21.9418,23.2103,54.8479
21.9617,23.2133,54.825
21.9825,23.2086,54.8089
22.0246,23.2089,54.7665
22.0473,23.2124,54.7403
22.09,23.2262,54.6838
22.1115,23.2302,54.6583
22.1479,23.2356,54.6165
22.1659,23.2329,54.6012
22.1915,23.2379,54.5706
22.218,23.2453,54.5367
22.2334,23.2518,54.5147
22.2686,23.2521,54.4793
22.2936,23.249,54.4574
22.2932,23.2514,54.4554
22.3058,23.2487,54.4454
22.3493,23.2596,54.3911
22.3825,23.2628,54.3547
22.3927,23.2604,54.3469
22.4041,23.2589,54.337
22.4431,23.2768,54.2801
22.4815,23.2775,54.2411
22.4828,23.278,54.2392
22.5025,23.2789,54.2186
22.5101,23.2876,54.2023
22.5098,23.2822,54.208
22.5228,23.2821,54.1951
22.5236,23.2862,54.1902
22.5155,23.2821,54.2024
22.5159,23.2907,54.1934
22.5715,23.2961,54.1324
22.5651,23.2981,54.1367
22.5938,23.303,54.1032
22.6699,23.3026,54.0275
22.6958,23.2996,54.0046
22.7147,23.3072,53.9781
22.7413,23.3086,53.9502
22.7285,23.3082,53.9633
22.7512,23.3106,53.9382
22.7636,23.3103,53.9261
22.7717,23.3171,53.9112
22.7798,23.3167,53.9035
22.7574,23.3184,53.9242
22.822,23.3252,53.8528
22.8127,23.3232,53.8641
22.8236,23.3257,53.8506
22.8058,23.3241,53.8701
22.8447,23.3314,53.824
22.8586,23.3307,53.8108
22.8798,23.3291,53.791
22.9064,23.3357,53.7579
22.9259,23.3345,53.7396
22.959,23.3351,53.7059
22.9743,23.3407,53.685
22.9771,23.3342,53.6888
22.99,23.3407,53.6693
22.9904,23.3337,53.6759
22.9965,23.3454,53.6581
23.0267,23.3483,53.6251
23.0286,23.3514,53.6201
23.0575,23.3441,53.5984
23.1148,23.3517,53.5335
23.1647,23.343,53.4923
23.2185,23.3561,53.4254
23.2244,23.3598,53.4157
23.2362,23.3519,53.4119
23.2474,23.3588,53.3937
23.242,23.3591,53.3989
23.249,23.3644,53.3866
23.2634,23.3665,53.3701
23.2778,23.3645,53.3577
23.2841,23.3616,53.3543
23.2773,23.3649,53.3578
23.2901,23.3617,53.3483
23.2914,23.3685,53.3401
23.2881,23.3621,53.3498
23.2987,23.3631,53.3381
23.3142,23.3559,53.3299
23.3151,23.3643,53.3206
23.3086,23.3627,53.3288
23.261,23.3627,53.3763
23.2921,23.3591,53.3488
23.3574,23.3636,53.279
23.3204,23.3626,53.3169
23.2634,23.3438,53.3928
23.2658,23.34,53.3942
23.3672,23.3597,53.2732
23.4119,23.3739,53.2142
23.392,23.3704,53.2376
23.3605,23.3642,53.2752
23.3448,23.3663,53.289
23.4499,23.3787,53.1714
23.4249,23.3762,53.1988
23.4559,23.3746,53.1695
23.3972,23.3653,53.2375
23.5067,23.3809,53.1124
23.4882,23.3807,53.1311
23.4019,23.3571,53.241
23.4897,23.375,53.1354
23.4913,23.376,53.1327
23.5685,23.3856,53.0459
23.5574,23.3826,53.06
23.5302,23.3861,53.0837
23.4885,23.3788,53.1327
23.5151,23.3798,53.1051
23.5297,23.3823,53.088
23.5614,23.3782,53.0604
23.5341,23.3785,53.0874
23.5311,23.3805,53.0885
23.5455,23.3822,53.0723
23.55,23.3779,53.0721
23.5652,23.377,53.0578
23.5836,23.3769,53.0395
23.5452,23.3787,53.0761
23.5798,23.387,53.0332
23.5966,23.378,53.0254
23.5985,23.3811,53.0203
23.5724,23.3746,53.053
23.5831,23.3864,53.0306
23.5681,23.3832,53.0487
23.5527,23.3747,53.0725
23.5717,23.3811,53.0472
23.603,23.3808,53.0161
23.6574,23.3899,52.9527
23.6183,23.3771,53.0046
23.546,23.3649,53.089
23.5246,23.3701,53.1053
23.5467,23.376,53.0773
23.5346,23.3704,53.095
23.6215,23.3824,52.9961
23.5906,23.3782,53.0313
23.4956,23.3534,53.1511
23.5108,23.3693,53.12
23.5108,23.3619,53.1273
23.5414,23.3819,53.0767
23.5616,23.3797,53.0586
23.4656,23.3446,53.1899
23.6025,23.38,53.0175
23.5408,23.3604,53.0987
23.6203,23.3767,53.003
23.63,23.3816,52.9884
23.6326,23.3833,52.984
23.6198,23.3808,52.9994
23.6102,23.3669,53.0228
23.619,23.3712,53.0098
23.6056,23.3582,53.0362
23.6856,23.3843,52.9301
23.6994,23.3819,52.9187
23.7297,23.3902,52.8802
23.6678,23.3868,52.9454
23.6368,23.3777,52.9855
23.558,23.355,53.087
23.5915,23.3645,53.0441
23.6759,23.3935,52.9306
23.6038,23.3667,53.0295
23.5838,23.3593,53.0569
23.7071,23.3847,52.9082
23.6983,23.3914,52.9103
23.6813,23.3838,52.9349
23.7071,23.3884,52.9045
23.6598,23.3768,52.9635
23.7049,23.3864,52.9087
23.6781,23.377,52.9449
23.6874,23.3782,52.9344
23.6069,23.3575,53.0355
23.724,23.3816,52.8943
23.6899,23.3841,52.926
23.7124,23.3946,52.8929
23.7557,23.393,52.8513
23.7271,23.3913,52.8816
23.6574,23.3726,52.97
23.6994,23.3842,52.9165
23.6644,23.3784,52.9571
23.7103,23.3938,52.8959
23.7782,23.4022,52.8196
23.7323,23.3841,52.8836
23.7238,23.3851,52.8911
23.6901,23.3771,52.9328
23.7072,23.3834,52.9094
23.7202,23.3847,52.8951
23.6923,23.386,52.9217
23.7374,23.3977,52.8649
23.6851,23.3887,52.9262
23.6714,23.3877,52.9409
23.696,23.3941,52.9099
23.6882,23.3877,52.9241
23.7626,23.3953,52.8421
23.7279,23.3872,52.8849
23.7114,23.3892,52.8994
23.6924,23.3861,52.9215
23.7238,23.3948,52.8814
23.6926,23.3863,52.921
23.6634,23.3735,52.9632
23.6771,23.3851,52.9378
23.7565,23.3887,52.8548
23.7259,23.3891,52.885
23.7707,23.4006,52.8288
23.7422,23.3967,52.8611
23.7157,23.3888,52.8955
23.6684,23.3797,52.9519
23.6847,23.3872,52.9281
23.6995,23.3857,52.9147
23.706,23.3928,52.9011
23.6378,23.3727,52.9895
23.71,23.3933,52.8967
23.7937,23.4082,52.7981
23.723,23.3913,52.8857
23.722,23.3943,52.8837
23.6962,23.3885,52.9153
23.6413,23.3784,52.9802
23.6977,23.3931,52.9092
23.7549,23.4081,52.837
23.7683,23.4103,52.8214
23.7262,23.3982,52.8756
23.7056,23.3937,52.9008
23.6969,23.3925,52.9106
23.7484,23.3974,52.8542
23.8053,23.41,52.7847
23.806,23.4154,52.7785
23.814,23.4068,52.7793
23.8034,23.4134,52.7832
24.1686,23.4612,52.3701
24.3137,23.4838,52.2025
23.7179,23.3905,52.8916
23.7182,23.3909,52.8908
23.6547,23.3847,52.9605
23.6995,23.3924,52.9081
23.7232,23.3969,52.8799
23.7825,23.4134,52.8041
23.7181,23.3924,52.8895
23.7475,23.4048,52.8477
23.7805,23.4097,52.8098
23.7931,23.4118,52.7951
23.7726,23.4112,52.8162
23.779,23.4128,52.8082
23.749,23.3988,52.8522
23.7907,23.4095,52.7998
23.7717,23.4101,52.8182
23.7828,23.4044,52.8128
23.7265,23.4031,52.8704
23.7081,23.3969,52.895
23.7367,23.4017,52.8616
23.7225,23.3982,52.8793
23.7353,23.3944,52.8703
23.7636,23.4105,52.8259
23.7436,23.4087,52.8477
23.7606,23.4116,52.8278
23.7087,23.4004,52.8909
23.7119,23.4058,52.8823
23.6756,23.4022,52.9222
23.6815,23.4049,52.9136
23.6743,23.397,52.9287
23.6737,23.4036,52.9228
23.6793,23.3948,52.9259
23.6544,23.3834,52.9622
23.6228,23.3862,52.991
23.6178,23.3841,52.9981
23.7626,23.4157,52.8217
23.6728,23.4011,52.926
23.7008,23.4134,52.8858
23.669,23.4054,52.9256
23.6444,23.3995,52.9561
23.6258,23.4043,52.9699
23.5375,23.3726,53.09
23.5934,23.393,53.0136
23.5702,23.3941,53.0357
23.5681,23.3925,53.0394
23.5687,23.3895,53.0417
23.8583,23.4329,52.7088
24.0413,23.4496,52.5091
24.6494,23.5032,51.8474
26.1527,23.6646,50.1827
23.3262,23.3551,53.3186
23.5261,23.3848,53.0891
23.3423,23.3609,53.2968
23.4322,23.3778,53.1899
23.407,23.3753,53.2177
23.5019,23.3972,53.1009
23.4133,23.385,53.2016
23.4422,23.387,53.1707
23.4449,23.3882,53.1669
23.4274,23.3855,53.1872
23.4849,23.3926,53.1225
23.3993,23.3801,53.2207
23.4883,23.4005,53.1112
23.4936,23.405,53.1014
23.4816,23.4078,53.1106
23.4425,23.4036,53.1539
23.446,23.4023,53.1517
23.4448,23.3966,53.1586
23.4027,23.388,53.2093
23.3824,23.3827,53.2349
23.3904,23.3971,53.2125
23.4147,23.4061,53.1791
23.4158,23.3985,53.1857
23.459,23.4077,53.1333
23.4099,23.4048,53.1853
23.5487,23.4359,53.0155
23.3797,23.4036,53.2167
23.7894,23.4582,52.7525
23.3439,23.3928,53.2633
23.3034,23.3842,53.3124
23.272,23.3881,53.3399
23.3004,23.3889,53.3106
23.3429,23.3991,53.258
23.271,23.3804,53.3486
23.235,23.3727,53.3923
23.2878,23.3873,53.325
23.35,23.4039,53.246
23.3197,23.3985,53.2818
23.2634,23.3873,53.3494
23.2393,23.3876,53.3731
23.1913,23.3751,53.4336
23.1806,23.3751,53.4443
23.1361,23.3643,53.4996
23.2376,23.3902,53.3722
23.2304,23.3928,53.3768
23.2132,23.3917,53.3951
23.191,23.3849,53.4241
23.2158,23.3977,53.3865
23.1823,23.3928,53.4249
23.1909,23.3922,53.417
23.1276,23.3786,53.4938
23.1005,23.3784,53.5211
23.131,23.3896,53.4794
23.1261,23.3884,53.4855
23.1699,23.3967,53.4334
23.158,23.3921,53.45
23.1433,23.3959,53.4608
23.0964,23.3912,53.5124
23.0662,23.3831,53.5507
23.0848,23.3841,53.5311
23.0563,23.3838,53.5599
23.0792,23.3955,53.5253
23.0752,23.4013,53.5235
23.0137,23.3835,53.6028
23.0097,23.388,53.6022
22.9897,23.3878,53.6225
22.9841,23.385,53.6309
22.9747,23.3783,53.647
22.9718,23.3854,53.6428
22.9249,23.3808,53.6943
22.8912,23.3676,53.7411
22.8846,23.3651,53.7503
22.8347,23.3639,53.8014
22.7913,23.3533,53.8554
22.7772,23.3463,53.8765
22.7518,23.3545,53.8937
22.7367,23.3464,53.9168
22.701,23.3444,53.9546
22.725,23.3511,53.9239
22.6736,23.3298,53.9965
22.6552,23.3368,54.008
22.6805,23.3425,53.977
22.6821,23.3519,53.966
22.6708,23.3576,53.9717
22.6854,23.3502,53.9644
22.7207,23.3705,53.9089
22.7383,23.3774,53.8844
22.6436,23.3531,54.0033
22.5754,23.3413,54.0833
22.5543,23.3364,54.1093
22.5726,23.345,54.0824
22.5475,23.3435,54.1091
22.536,23.3363,54.1277
22.5429,23.3362,54.1209
22.5879,23.3428,54.0693
22.5911,23.3612,54.0477
22.4916,23.3284,54.18
22.4632,23.3301,54.2066
22.4166,23.321,54.2624
22.4423,23.3277,54.23
22.4439,23.3333,54.2229
22.3801,23.324,54.2959
22.4006,23.3327,54.2667
22.4037,23.3354,54.2609
22.3517,23.3306,54.3178
22.3442,23.323,54.3328
22.319,23.3296,54.3514
22.2812,23.3155,54.4033
22.2308,23.3055,54.4637
22.1903,23.3043,54.5054
22.1967,23.3077,54.4956
22.2067,23.3161,54.4772
22.135,23.2913,54.5737
22.1334,23.2959,54.5707
22.1534,23.3032,54.5434
22.1239,23.2986,54.5776
22.0825,23.2878,54.6297
22.0628,23.2954,54.6418
22.0396,23.2891,54.6713
22.0115,23.2878,54.7007
22.0115,23.287,54.7015
21.9609,23.2724,54.7666
21.9514,23.2736,54.7751
21.9604,23.2787,54.7609
21.9615,23.2847,54.7537
21.9605,23.2846,54.7549
21.9319,23.2754,54.7927
21.9159,23.2804,54.8037
21.9201,23.2766,54.8033
21.839,23.2658,54.8951
21.7731,23.2575,54.9694
21.7686,23.2583,54.9731
21.7483,23.2576,54.9941
21.7194,23.2436,55.037
21.7498,23.2616,54.9886
21.7457,23.2649,54.9894
21.6391,23.2394,55.1216
21.639,23.2408,55.1202
21.6154,23.2436,55.141
21.5536,23.2256,55.2208
21.5197,23.2187,55.2616
21.4752,23.2091,55.3157
21.5298,23.2238,55.2463
21.4837,23.2149,55.3014
21.3903,23.1952,55.4145
21.3478,23.1847,55.4675
21.3182,23.1836,55.4981
21.3008,23.1845,55.5147
21.2711,23.1799,55.5489
21.2095,23.1719,55.6186
21.186,23.1651,55.6489
21.1356,23.1499,55.7145
21.0797,23.1468,55.7736
21.0914,23.1422,55.7664
21.015,23.1305,55.8545
20.9752,23.1213,55.9035
20.9497,23.1202,55.9301
20.925,23.1123,55.9627
20.8879,23.1112,56.0009
20.8174,23.1012,56.0813
20.7593,23.0843,56.1564
20.6967,23.0662,56.2371
20.6498,23.064,56.2862
20.5708,23.0538,56.3755
20.5697,23.0481,56.3822
20.4724,23.0396,56.4881
20.3729,23.0167,56.6104
20.3299,23.0094,56.6607
20.2668,23.0027,56.7305
20.2017,22.986,56.8123
20.1938,22.9828,56.8233
20.1491,22.9765,56.8745
20.1163,22.9654,56.9183
20.0594,22.9525,56.9881
20.0046,22.948,57.0475
19.9633,22.9436,57.0931
19.9486,22.9429,57.1085
19.9356,22.9387,57.1258
19.8599,22.9279,57.2122
19.8134,22.9108,57.2759
19.7825,22.9056,57.3119
19.7253,22.8971,57.3776
19.6669,22.8781,57.455
19.5638,22.8576,57.5786
19.5147,22.8554,57.6299
19.465,22.8432,57.6918
19.4512,22.8478,57.701
19.4271,22.846,57.7269
19.3848,22.8318,57.7834
19.3204,22.8171,57.8625
19.2412,22.7988,57.96
19.1776,22.7785,58.0439
19.0675,22.7622,58.1703
19.0322,22.7477,58.2201
18.9839,22.7469,58.2692
18.9308,22.731,58.3382
18.8457,22.7055,58.4489
18.7664,22.6892,58.5444
18.7019,22.6748,58.6234
18.6654,22.6677,58.6669
18.5539,22.639,58.8071
18.4578,22.6064,58.9357
18.4126,22.5931,58.9943
18.3808,22.5856,59.0336
18.2887,22.5595,59.1518
18.1939,22.5339,59.2722
18.1244,22.5133,59.3623
18.0498,22.4936,59.4566
18.0173,22.4831,59.4996
17.9222,22.4593,59.6185
17.8554,22.4431,59.7016
17.7965,22.4203,59.7831
17.751,22.4028,59.8462
17.6657,22.3742,59.96
17.5857,22.3481,60.0662
17.525,22.3315,60.1435
17.431,22.3009,60.2681
17.3723,22.2878,60.3399
17.2856,22.2611,60.4532
17.2254,22.2453,60.5293
17.1485,22.2156,60.6359
17.0913,22.2044,60.7043
17.0096,22.168,60.8224
16.9051,22.1368,60.958
16.8112,22.1125,61.0762
16.7431,22.087,61.1699
16.6708,22.0579,61.2713
16.6107,22.0474,61.3419
16.5798,22.0504,61.3699
16.4982,22.0155,61.4863
16.4104,21.9806,61.6091
16.3053,21.9585,61.7362
16.2041,21.9264,61.8695
16.1116,21.8844,62.004
16.0211,21.8584,62.1205
15.932,21.8181,62.2499
15.8535,21.7891,62.3574
15.7742,21.7614,62.4644
15.6777,21.7225,62.5998
15.5878,21.6805,62.7316
15.4783,21.6391,62.8826
15.3569,21.5911,63.0519
15.251,21.5348,63.2141
15.1652,21.492,63.3427
15.0539,21.4603,63.4858
14.9731,21.4201,63.6069
14.8535,21.3673,63.7792
14.7507,21.3215,63.9278
14.6144,21.2542,64.1314
14.514,21.1994,64.2865
14.4304,21.1589,64.4107
14.3367,21.1132,64.55
14.2335,21.0499,64.7166
14.1093,20.9959,64.8948
14.0286,20.9399,65.0315
13.9369,20.8903,65.1728
13.8444,20.8357,65.3199
13.6892,20.75,65.5608
13.5929,20.6872,65.7199
13.4742,20.6194,65.9064
13.3855,20.5689,66.0456
13.2603,20.4894,66.2503
13.158,20.4242,66.4179
13.0804,20.3728,66.5468
12.9966,20.3116,66.6918
12.9277,20.262,66.8103
12.8048,20.1769,67.0184
12.7077,20.0948,67.1975
12.6074,20.0222,67.3704
12.5559,19.9649,67.4792
12.4775,19.891,67.6315
12.4078,19.8145,67.7777
12.313,19.7193,67.9677
12.2438,19.6174,68.1388
12.1834,19.5232,68.2935
12.0872,19.4237,68.4891
11.9662,19.2954,68.7384
11.905,19.1963,68.8987
11.8475,19.0749,69.0777
11.7651,18.9876,69.2472
11.7226,18.8982,69.3792
11.7028,18.8149,69.4823
11.7022,18.7602,69.5375
11.6836,18.6698,69.6466
11.5648,18.5395,69.8956
11.5542,18.4662,69.9796
11.4802,18.318,70.2017
11.4151,18.2039,70.381
11.3744,18.0979,70.5277
11.3641,17.9879,70.648
11.4283,17.9032,70.6685
11.4842,17.8183,70.6974
11.5509,17.7351,70.7141
11.6064,17.6179,70.7757
11.7189,17.5495,70.7316
11.8771,17.5071,70.6158
12.0786,17.4912,70.4302
12.3525,17.5227,70.1248
13.045,17.8703,69.0847
14.2823,18.6818,67.0359
15.5264,19.5214,64.9522
16.3929,20.0932,63.5139
16.758,20.2645,62.9775
17.1765,20.4682,62.3553
17.4961,20.5827,61.9212
17.7076,20.5854,61.707
17.8759,20.5948,61.5293
18.0839,20.6023,61.3139
18.2937,20.5968,61.1096
18.5061,20.5804,60.9136
18.704,20.5641,60.7318
18.9933,20.5928,60.414
19.3216,20.6343,60.0441
26.1365,22.7165,51.147
25.3745,22.5777,52.0478
24.6467,22.4585,52.8948
23.9612,22.3341,53.7047
23.3694,22.2296,54.401
22.9729,22.1682,54.8589
22.6198,22.1117,55.2686
22.3467,22.0668,55.5865
22.046,22.0015,55.9525
21.7472,21.9141,56.3388
21.4164,21.805,56.7786
21.0733,21.6792,57.2475
20.5312,21.4827,57.9861
19.9202,21.2516,58.8282
19.4138,21.0562,59.53
18.7207,20.7269,60.5524
18.661,20.7868,60.5522
18.0843,20.5324,61.3833
18.1373,20.6523,61.2104
18.9496,21.2009,59.8494
18.6709,21.1623,60.1668
18.3008,21.079,60.6202
17.1599,20.596,62.2441
16.1781,20.1937,63.6283
14.1045,19.1042,66.7913
14.4105,19.346,66.2435
13.7098,18.9833,67.3069
14.4566,19.3989,66.1444
16.8618,20.6479,62.4903
15.5169,20.1481,64.335
14.0804,19.5508,66.3688
13.5357,19.3199,67.1445
14.3827,19.8129,65.8044
13.5774,19.4701,66.9525
13.9914,19.7704,66.2381
13.9825,19.8271,66.1904
13.995,19.9009,66.104
13.3169,19.6584,67.0248
13.4091,19.7539,66.837
13.4672,19.8536,66.6793
13.5749,19.9538,66.4713
13.5647,20.0076,66.4277
13.7106,20.105,66.1843
13.7573,20.1666,66.0761
13.8412,20.2438,65.915
13.8897,20.2943,65.816
13.9947,20.37,65.6352
14.0928,20.4583,65.4489
14.1736,20.5225,65.3038
14.2482,20.5878,65.164
14.3286,20.639,65.0323
14.4397,20.7023,64.8579
14.5128,20.7541,64.7331
14.554,20.7824,64.6636
14.6048,20.8089,64.5863
14.6939,20.8506,64.4554
14.7214,20.874,64.4046
14.7697,20.9056,64.3247
14.8113,20.9355,64.2532
14.8557,20.9711,64.1732
14.9616,21.0094,64.029
15.0189,21.041,63.9401
15.0799,21.08,63.8401
15.1864,21.1393,63.6744
15.2905,21.185,63.5245
15.3658,21.2296,63.4046
15.4414,21.2608,63.2979
15.5118,21.3015,63.1867
15.6229,21.3534,63.0237
15.7101,21.4028,62.8871
15.8015,21.4424,62.7561
15.8842,21.4873,62.6285
15.9556,21.5233,62.5211
16.0578,21.5532,62.389
16.1201,21.5788,62.3011
16.179,21.6082,62.2128
