22.809,23.1834,54.0076
22.7872,23.1739,54.039
22.7336,23.1193,54.147
22.7185,23.097,54.1845
22.5987,23.0759,54.3253
22.5987,23.1091,54.2923
22.7364,23.1411,54.1224
22.8084,23.184,54.0076
22.8194,23.1933,53.9873
22.8351,23.1994,53.9654
22.8343,23.1919,53.9738
22.8373,23.1801,53.9826
22.8429,23.1798,53.9773
22.8369,23.1802,53.9829
22.8066,23.177,54.0164
22.7786,23.1696,54.0517
22.7688,23.1668,54.0644
22.7541,23.1614,54.0845
22.6736,23.1301,54.1963
22.4353,23.0386,54.5261
22.462,23.0509,54.4871
24.144,23.5892,52.2668
22.4426,23.0398,54.5176
22.6195,23.1269,54.2536
22.6995,23.1612,54.1394
22.7002,23.145,54.1548
22.703,23.1434,54.1537
22.7286,23.1744,54.0969
22.745,23.1684,54.0865
22.7388,23.1831,54.0781
22.7121,23.1455,54.1424
22.7095,23.1649,54.1256
22.7235,23.1937,54.0828
22.6989,23.1853,54.1158
22.6818,23.167,54.1512
22.7005,23.1556,54.144
22.7003,23.1659,54.1338
22.6879,23.164,54.1481
22.6944,23.1809,54.1247
22.7075,23.1849,54.1075
22.6632,23.1661,54.1708
22.6667,23.1634,54.1699
22.6503,23.1782,54.1715
22.6597,23.1871,54.1532
22.6461,23.2027,54.1513
22.6057,23.1635,54.2308
22.5675,23.1649,54.2676
22.5317,23.1484,54.3198
22.5334,23.1256,54.341
22.4891,23.1436,54.3672
22.5081,23.1265,54.3654
22.4574,23.1294,54.4132
22.4179,23.1091,54.4729
22.3594,23.0995,54.5411
22.2219,23.032,54.7462
22.6386,23.118,54.2434
21.9119,22.9069,55.1812
22.3996,23.0968,54.5036
22.3672,23.0399,54.5929
22.5726,23.1301,54.2973
23.4064,23.4614,53.1322
23.4454,23.4469,53.1077
23.7075,23.5881,52.7044
22.6358,23.1576,54.2066
22.534,23.1709,54.2951
22.9936,23.3528,53.6536
22.1394,23.0274,54.8332
22.4424,23.1673,54.3902
21.9918,22.9892,55.019
22.1031,23.0142,54.8828
22.1818,23.0405,54.7778
22.0764,23.0165,54.9071
22.0783,23.0338,54.8879
22.0606,23.0146,54.9248
22.0308,23.0227,54.9465
22.0083,23.0239,54.9679
22.0399,23.0173,54.9427
21.9424,23.0121,55.0455
21.9556,23.0053,55.0391
21.941,23.0082,55.0508
21.8903,22.9848,55.1249
21.9016,22.9672,55.1312
21.9399,22.9577,55.1023
21.9654,22.9832,55.0514
21.9386,22.9666,55.0948
21.8925,22.9518,55.1557
21.8298,22.9479,55.2223
21.7683,22.9478,55.2839
21.7551,22.9304,55.3146
21.7425,22.9327,55.3248
21.5912,22.9024,55.5064
21.55,22.8102,55.6398
22.4635,23.1167,54.4198
21.8612,22.8814,55.2574
22.2495,23.0836,54.6669
21.2897,22.7478,55.9625
21.9646,22.9444,55.091
24.2387,23.9122,51.849
21.2145,22.7162,56.0692
21.3768,22.7981,55.8251
21.4484,22.8132,55.7384
21.2898,22.7632,55.947
22.0825,23.0727,54.8448
21.6492,22.8984,55.4523
22.07,23.0484,54.8816
25.0761,24.27,50.6538
21.4662,22.7312,55.8026
21.368,22.7472,55.8848
23.0111,23.4542,53.5347
22.8404,23.4155,53.7441
22.2182,23.1119,54.6699
21.1143,22.6454,56.2403
21.1621,22.6822,56.1557
21.3585,22.8285,55.813
21.3026,22.8107,55.8867
21.6796,22.9193,55.4011
21.1552,22.7351,56.1096
21.2052,22.7825,56.0123
21.3224,22.8385,55.8392
21.2541,22.8143,55.9316
21.21,22.7951,55.9949
21.2775,22.8255,55.897
21.2452,22.8488,55.906
21.265,22.8569,55.8781
21.176,22.7801,56.0439
21.0498,22.7617,56.1885
21.066,22.7776,56.1564
21.0241,22.7536,56.2223
21.1118,22.7822,56.106
21.1666,22.8429,55.9906
21.128,22.8214,56.0507
21.0076,22.7128,56.2795
21.1412,22.7418,56.117
20.9546,22.749,56.2964
21.0103,22.798,56.1917
20.9632,22.7669,56.2699
20.9175,22.7615,56.321
20.923,22.7556,56.3214
20.946,22.7544,56.2996
21.0043,22.7918,56.2039
20.9407,22.7539,56.3053
20.89,22.6925,56.4175
20.8653,22.7183,56.4165
20.8714,22.7437,56.3849
20.8706,22.7378,56.3916
20.8318,22.7075,56.4607
20.8048,22.6833,56.5119
20.7869,22.6949,56.5182
20.7675,22.6754,56.5572
20.727,22.694,56.579
20.682,22.6678,56.6503
20.6563,22.6712,56.6725
20.6815,22.679,56.6395
20.6214,22.653,56.7256
20.5808,22.6321,56.7871
20.6206,22.6091,56.7704
20.5246,22.6052,56.8702
20.5125,22.5972,56.8902
20.4557,22.5306,57.0137
20.4286,22.5488,57.0225
20.4963,22.6066,56.897
20.4568,22.5728,56.9704
20.4186,22.5548,57.0267
20.3832,22.5464,57.0704
20.3663,22.552,57.0817
20.3562,22.5593,57.0845
20.2684,22.5272,57.2045
20.3123,22.5487,57.139
20.3066,22.5567,57.1367
20.2531,22.5546,57.1923
20.2334,22.5661,57.2005
20.2003,22.5283,57.2714
20.1567,22.4996,57.3437
20.1387,22.5067,57.3546
20.0789,22.4759,57.4452
20.0664,22.4658,57.4678
19.9974,22.4414,57.5611
19.9324,22.4201,57.6475
19.8819,22.4073,57.7108
19.8923,22.417,57.6908
19.8909,22.4159,57.6932
19.8573,22.3937,57.749
19.7865,22.3542,57.8593
19.6378,22.2929,58.0693
19.7488,22.3032,57.948
21.3799,23.0465,55.5736
19.628,22.3124,58.0597
19.6692,22.3545,57.9763
19.6652,22.3514,57.9834
19.6129,22.3384,58.0486
19.5303,22.3007,58.169
19.4358,22.2413,58.3229
19.374,22.2357,58.3903
19.4936,22.3121,58.1943
19.4839,22.2774,58.2387
19.3816,22.2605,58.3579
19.2846,22.1991,58.5164
19.2105,22.1547,58.6348
19.1696,22.133,58.6974
19.1347,22.1091,58.7563
19.3205,22.2017,58.4778
19.34,22.1872,58.4728
19.3665,22.252,58.3815
19.1504,22.088,58.7616
18.8558,21.9556,59.1885
19.5836,22.3084,58.108
18.7822,22.0322,59.1857
18.8882,22.1288,58.983
18.9976,22.2025,58.7999
18.9874,22.1669,58.8457
18.906,22.1618,58.9322
18.8381,22.1697,58.9922
18.7925,22.0773,59.1302
18.7277,22.0795,59.1928
18.6653,22.0364,59.2983
18.5853,22.0047,59.4101
18.4958,21.9212,59.5831
18.3997,21.8721,59.7282
18.3729,21.8865,59.7406
18.341,21.8603,59.7986
18.304,21.8284,59.8675
18.2635,21.7794,59.9571
18.1408,21.705,60.1541
18.897,22.0927,59.0103
17.9407,21.66,60.3993
18.0686,21.7318,60.1995
18.0177,21.7447,60.2375
18.0112,21.7521,60.2367
18.0083,21.762,60.2298
17.9631,21.7428,60.294
17.8814,21.7294,60.3891
17.8604,21.7086,60.4311
17.8241,21.6733,60.5026
17.7466,21.622,60.6314
17.6561,21.5664,60.7775
17.5609,21.4796,60.9595
17.4508,21.4295,61.1197
17.41,21.3946,61.1953
17.3662,21.3854,61.2485
17.3169,21.367,61.316
17.2958,21.3555,61.3487
17.253,21.3403,61.4066
17.2374,21.3146,61.448
17.141,21.2616,61.5973
17.0139,21.184,61.8021
16.9845,21.1314,61.884
16.9477,21.1077,61.9447
16.8896,21.0424,62.068
16.7735,20.9818,62.2447
16.7462,20.9272,62.3265
16.6737,20.8566,62.4697
16.499,20.7843,62.7167
16.5003,20.7735,62.7262
16.4331,20.7526,62.8142
16.3616,20.7287,62.9098
16.2633,20.6939,63.0429
16.129,20.6711,63.1999
16.1405,20.6528,63.2068
16.2105,20.6134,63.176
16.0998,20.5411,63.3591
15.9396,20.44,63.6205
15.8862,20.3996,63.7142
15.6877,20.3205,63.9918
15.7072,20.321,63.9718
15.6031,20.2804,64.1165
15.6356,20.2799,64.0845
15.6524,20.2817,64.0659
15.5915,20.2492,64.1594
15.634,20.2458,64.1201
15.5355,20.2112,64.2533
15.4714,20.177,64.3516
15.4184,20.149,64.4326
15.338,20.1086,64.5534
15.1925,20.051,64.7565
15.1238,20.0271,64.8491
15.1163,20.0129,64.8708
14.9642,19.9561,65.0798
14.9179,19.9145,65.1676
14.8235,19.8565,65.32
14.7662,19.8099,65.4239
14.7509,19.7696,65.4795
14.6827,19.7331,65.5843
14.6086,19.6709,65.7205
14.6282,19.6355,65.7363
14.6177,19.5788,65.8035
14.6528,19.5554,65.7918
14.6498,19.5113,65.8389
14.5286,19.4208,66.0506
14.3646,19.3399,66.2955
14.3173,19.2931,66.3896
14.39,19.2992,66.3108
14.3491,19.2526,66.3982
14.1614,19.1648,66.6738
14.202,19.1656,66.6324
14.2277,19.1606,66.6116
14.1026,19.0829,66.8145
14.0266,19.0394,66.9339
14.0162,19.0015,66.9824
14.1832,19.0363,66.7804
14.3218,19.0636,66.6147
14.2774,18.9974,66.7252
14.2037,18.9169,66.8794
14.2364,18.8739,66.8897
14.4641,18.95,66.5858
14.5694,18.9695,66.4611
14.517,18.908,66.5751
14.4984,18.8554,66.6462
14.5084,18.8462,66.6455
14.4338,18.8254,66.7408
14.7709,19.0628,66.1663
14.9313,19.1397,65.929
14.9874,19.1269,65.8856
14.9361,19.0715,65.9923
15.0812,19.1339,65.7849
15.1623,19.1206,65.7171
15.4204,19.2444,65.3352
15.5071,19.2433,65.2496
15.2969,19.0405,65.6626
15.6106,19.2195,65.1699
15.8021,19.321,64.8769
15.8594,19.348,64.7926
15.8778,19.2582,64.8639
15.9884,19.2705,64.7411
15.9911,19.2993,64.7097
16.0887,19.3388,64.5725
16.2499,19.3041,64.446
16.1847,19.1703,64.645
16.1877,19.2161,64.5962
16.6447,19.5302,63.8251
16.9047,19.6099,63.4854
17.1326,19.6863,63.1811
17.279,19.6315,63.0894
17.4535,19.6356,62.9109
17.3856,19.5568,63.0576
17.3324,19.506,63.1616
17.7359,19.7293,62.5348
18.0744,19.8541,62.0715
18.3626,19.9583,61.6791
18.6878,20.0929,61.2194
18.9632,20.1971,60.8397
19.2001,20.2887,60.5112
19.4414,20.3785,60.1801
19.5691,20.3891,60.0418
19.7552,20.4204,59.8244
20.0286,20.4912,59.4802
20.3679,20.5956,59.0365
20.6447,20.6601,58.6952
21.0101,20.7512,58.2387
21.3769,20.8266,57.7965
21.7471,20.9047,57.3482
22.0905,20.9706,56.9389
22.54,21.0991,56.3609
23.0407,21.2507,55.7085
23.556,21.4015,55.0425
24.035,21.5251,54.4399
24.3946,21.6437,53.9617
24.9205,21.8728,53.2068
25.6793,22.2051,52.1156
26.4397,22.5076,51.0527
27.1365,22.8024,50.0611
23.407,23.3753,53.2177
23.5019,23.3972,53.1009
23.4133,23.385,53.2016
23.4422,23.387,53.1707
23.4449,23.3882,53.1669
23.4274,23.3855,53.1872
23.4849,23.3926,53.1225
23.3993,23.3801,53.2207
23.4883,23.4005,53.1112
23.4936,23.405,53.1014
23.4816,23.4078,53.1106
23.4425,23.4036,53.1539
23.446,23.4023,53.1517
23.4448,23.3966,53.1586
23.4027,23.388,53.2093
23.3824,23.3827,53.2349
23.3904,23.3971,53.2125
23.4147,23.4061,53.1791
23.4158,23.3985,53.1857
23.459,23.4077,53.1333
23.4099,23.4048,53.1853
23.5487,23.4359,53.0155
23.3797,23.4036,53.2167
23.7894,23.4582,52.7525
23.3439,23.3928,53.2633
23.3034,23.3842,53.3124
23.272,23.3881,53.3399
23.3004,23.3889,53.3106
23.3429,23.3991,53.258
23.271,23.3804,53.3486
23.235,23.3727,53.3923
23.2878,23.3873,53.325
23.35,23.4039,53.246
23.3197,23.3985,53.2818
23.2634,23.3873,53.3494
23.2393,23.3876,53.3731
23.1913,23.3751,53.4336
23.1806,23.3751,53.4443
23.1361,23.3643,53.4996
23.2376,23.3902,53.3722
23.2304,23.3928,53.3768
23.2132,23.3917,53.3951
23.191,23.3849,53.4241
23.2158,23.3977,53.3865
23.1823,23.3928,53.4249
23.1909,23.3922,53.417
23.1276,23.3786,53.4938
23.1005,23.3784,53.5211
23.131,23.3896,53.4794
23.1261,23.3884,53.4855
23.1699,23.3967,53.4334
23.158,23.3921,53.45
23.1433,23.3959,53.4608
23.0964,23.3912,53.5124
23.0662,23.3831,53.5507
23.0848,23.3841,53.5311
23.0563,23.3838,53.5599
23.0792,23.3955,53.5253
23.0752,23.4013,53.5235
23.0137,23.3835,53.6028
23.0097,23.388,53.6022
22.9897,23.3878,53.6225
22.9841,23.385,53.6309
22.9747,23.3783,53.647
22.9718,23.3854,53.6428
22.9249,23.3808,53.6943
22.8912,23.3676,53.7411
22.8846,23.3651,53.7503
22.8347,23.3639,53.8014
22.7913,23.3533,53.8554
22.7772,23.3463,53.8765
22.7518,23.3545,53.8937
22.7367,23.3464,53.9168
22.701,23.3444,53.9546
22.725,23.3511,53.9239
22.6736,23.3298,53.9965
22.6552,23.3368,54.008
22.6805,23.3425,53.977
22.6821,23.3519,53.966
22.6708,23.3576,53.9717
22.6854,23.3502,53.9644
22.7207,23.3705,53.9089
22.7383,23.3774,53.8844
22.6436,23.3531,54.0033
22.5754,23.3413,54.0833
22.5543,23.3364,54.1093
22.5726,23.345,54.0824
22.5475,23.3435,54.1091
22.536,23.3363,54.1277
22.5429,23.3362,54.1209
22.5879,23.3428,54.0693
22.5911,23.3612,54.0477
22.4916,23.3284,54.18
22.4632,23.3301,54.2066
22.4166,23.321,54.2624
22.4423,23.3277,54.23
22.4439,23.3333,54.2229
22.3801,23.324,54.2959
22.4006,23.3327,54.2667
22.4037,23.3354,54.2609
22.3517,23.3306,54.3178
22.3442,23.323,54.3328
22.319,23.3296,54.3514
22.2812,23.3155,54.4033
22.2308,23.3055,54.4637
22.1903,23.3043,54.5054
22.1967,23.3077,54.4956
22.2067,23.3161,54.4772
22.135,23.2913,54.5737
22.1334,23.2959,54.5707
22.1534,23.3032,54.5434
22.1239,23.2986,54.5776
22.0825,23.2878,54.6297
22.0628,23.2954,54.6418
22.0396,23.2891,54.6713
22.0115,23.2878,54.7007
22.0115,23.287,54.7015
21.9609,23.2724,54.7666
21.9514,23.2736,54.7751
21.9604,23.2787,54.7609
21.9615,23.2847,54.7537
21.9605,23.2846,54.7549
21.9319,23.2754,54.7927
21.9159,23.2804,54.8037
21.9201,23.2766,54.8033
21.839,23.2658,54.8951
21.7731,23.2575,54.9694
21.7686,23.2583,54.9731
21.7483,23.2576,54.9941
21.7194,23.2436,55.037
21.7498,23.2616,54.9886
21.7457,23.2649,54.9894
21.6391,23.2394,55.1216
21.639,23.2408,55.1202
21.6154,23.2436,55.141
21.5536,23.2256,55.2208
21.5197,23.2187,55.2616
21.4752,23.2091,55.3157
21.5298,23.2238,55.2463
21.4837,23.2149,55.3014
21.3903,23.1952,55.4145
21.3478,23.1847,55.4675
21.3182,23.1836,55.4981
21.3008,23.1845,55.5147
21.2711,23.1799,55.5489
21.2095,23.1719,55.6186
21.186,23.1651,55.6489
21.1356,23.1499,55.7145
21.0797,23.1468,55.7736
21.0914,23.1422,55.7664
21.015,23.1305,55.8545
20.9752,23.1213,55.9035
20.9497,23.1202,55.9301
20.925,23.1123,55.9627
20.8879,23.1112,56.0009
20.8174,23.1012,56.0813
20.7593,23.0843,56.1564
20.6967,23.0662,56.2371
20.6498,23.064,56.2862
20.5708,23.0538,56.3755
20.5697,23.0481,56.3822
20.4724,23.0396,56.4881
20.3729,23.0167,56.6104
20.3299,23.0094,56.6607
20.2668,23.0027,56.7305
20.2017,22.986,56.8123
20.1938,22.9828,56.8233
20.1491,22.9765,56.8745
20.1163,22.9654,56.9183
20.0594,22.9525,56.9881
20.0046,22.948,57.0475
19.9633,22.9436,57.0931
19.9486,22.9429,57.1085
19.9356,22.9387,57.1258
19.8599,22.9279,57.2122
19.8134,22.9108,57.2759
19.7825,22.9056,57.3119
19.7253,22.8971,57.3776
19.6669,22.8781,57.455
19.5638,22.8576,57.5786
19.5147,22.8554,57.6299
19.465,22.8432,57.6918
19.4512,22.8478,57.701
19.4271,22.846,57.7269
19.3848,22.8318,57.7834
19.3204,22.8171,57.8625
19.2412,22.7988,57.96
19.1776,22.7785,58.0439
19.0675,22.7622,58.1703
19.0322,22.7477,58.2201
18.9839,22.7469,58.2692
18.9308,22.731,58.3382
18.8457,22.7055,58.4489
18.7664,22.6892,58.5444
18.7019,22.6748,58.6234
18.6654,22.6677,58.6669
18.5539,22.639,58.8071
18.4578,22.6064,58.9357
18.4126,22.5931,58.9943
18.3808,22.5856,59.0336
18.2887,22.5595,59.1518
18.1939,22.5339,59.2722
18.1244,22.5133,59.3623
18.0498,22.4936,59.4566
18.0173,22.4831,59.4996
17.9222,22.4593,59.6185
17.8554,22.4431,59.7016
17.7965,22.4203,59.7831
17.751,22.4028,59.8462
17.6657,22.3742,59.96
17.5857,22.3481,60.0662
17.525,22.3315,60.1435
17.431,22.3009,60.2681
17.3723,22.2878,60.3399
17.2856,22.2611,60.4532
17.2254,22.2453,60.5293
17.1485,22.2156,60.6359
17.0913,22.2044,60.7043
17.0096,22.168,60.8224
16.9051,22.1368,60.958
16.8112,22.1125,61.0762
16.7431,22.087,61.1699
16.6708,22.0579,61.2713
16.6107,22.0474,61.3419
16.5798,22.0504,61.3699
16.4982,22.0155,61.4863
16.4104,21.9806,61.6091
16.3053,21.9585,61.7362
16.2041,21.9264,61.8695
16.1116,21.8844,62.004
16.0211,21.8584,62.1205
15.932,21.8181,62.2499
15.8535,21.7891,62.3574
15.7742,21.7614,62.4644
15.6777,21.7225,62.5998
15.5878,21.6805,62.7316
15.4783,21.6391,62.8826
15.3569,21.5911,63.0519
15.251,21.5348,63.2141
15.1652,21.492,63.3427
15.0539,21.4603,63.4858
14.9731,21.4201,63.6069
14.8535,21.3673,63.7792
14.7507,21.3215,63.9278
14.6144,21.2542,64.1314
14.514,21.1994,64.2865
14.4304,21.1589,64.4107
14.3367,21.1132,64.55
14.2335,21.0499,64.7166
14.1093,20.9959,64.8948
14.0286,20.9399,65.0315
13.9369,20.8903,65.1728
13.8444,20.8357,65.3199
13.6892,20.75,65.5608
13.5929,20.6872,65.7199
13.4742,20.6194,65.9064
13.3855,20.5689,66.0456
13.2603,20.4894,66.2503
13.158,20.4242,66.4179
13.0804,20.3728,66.5468
12.9966,20.3116,66.6918
12.9277,20.262,66.8103
12.8048,20.1769,67.0184
12.7077,20.0948,67.1975
12.6074,20.0222,67.3704
12.5559,19.9649,67.4792
12.4775,19.891,67.6315
12.4078,19.8145,67.7777
12.313,19.7193,67.9677
12.2438,19.6174,68.1388
12.1834,19.5232,68.2935
12.0872,19.4237,68.4891
11.9662,19.2954,68.7384
11.905,19.1963,68.8987
11.8475,19.0749,69.0777
11.7651,18.9876,69.2472
11.7226,18.8982,69.3792
11.7028,18.8149,69.4823
11.7022,18.7602,69.5375
11.6836,18.6698,69.6466
11.5648,18.5395,69.8956
11.5542,18.4662,69.9796
11.4802,18.318,70.2017
11.4151,18.2039,70.381
11.3744,18.0979,70.5277
11.3641,17.9879,70.648
11.4283,17.9032,70.6685
11.4842,17.8183,70.6974
11.5509,17.7351,70.7141
11.6064,17.6179,70.7757
11.7189,17.5495,70.7316
11.8771,17.5071,70.6158
12.0786,17.4912,70.4302
12.3525,17.5227,70.1248
13.045,17.8703,69.0847
14.2823,18.6818,67.0359
15.5264,19.5214,64.9522
16.3929,20.0932,63.5139
16.758,20.2645,62.9775
17.1765,20.4682,62.3553
17.4961,20.5827,61.9212
17.7076,20.5854,61.707
17.8759,20.5948,61.5293
18.0839,20.6023,61.3139
18.2937,20.5968,61.1096
18.5061,20.5804,60.9136
18.704,20.5641,60.7318
18.9933,20.5928,60.414
19.3216,20.6343,60.0441
19.6708,20.6863,59.6429
20.0087,20.7458,59.2455
20.4647,20.84,58.6952
20.9663,20.9678,58.0658
21.5139,21.1309,57.3551
22.0839,21.3113,56.6049
22.7993,21.5568,55.6439
23.5678,21.841,54.5912
24.3896,22.1672,53.4432
25.3035,22.5566,52.1399
26.1306,22.9432,50.9262
26.8957,23.3224,49.7819
27.5699,23.6777,48.7525
28.0771,23.9608,47.9621
28.4272,24.1647,47.4081
28.6019,24.2786,47.1195
28.6219,24.2898,47.0883
28.5425,24.2088,47.2487
28.3616,24.0642,47.5742
28.1964,23.901,47.9026
28.0495,23.7145,48.2359
27.9445,23.5292,48.5263
27.8778,23.3687,48.7535
27.8793,23.2382,48.8825
27.9295,23.1279,48.9426
27.9947,23.0255,48.9798
28.0259,22.9147,49.0594
28.0625,22.7935,49.144
28.2135,22.6997,49.0868
28.5735,22.6812,48.7453
29.2102,22.7626,48.0272
30.0952,22.9443,46.9606
31.227,23.2594,45.5136
32.4856,23.569,43.9453
33.6727,23.8746,42.4527
34.7178,24.1675,41.1147
35.4484,24.4452,40.1064
36.0819,24.6612,39.2569
36.6147,24.8006,38.5847
37.0587,24.9993,37.942
37.4377,25.2194,37.343
37.6502,25.4072,36.9426
37.6919,25.5824,36.7257
38.0061,25.9137,36.0802
37.8653,25.9999,36.1349
37.8436,26.3269,35.8295
37.4478,26.6916,35.8605
37.5322,26.9696,35.4983
38.1585,27.4765,34.365
37.2565,28.7355,34.0081
38.0383,29.6836,32.2781
23.0112,23.3129,53.6759
22.9646,23.2947,53.7407
22.8099,23.2685,53.9216
23.0374,23.3393,53.6233
22.8139,23.2667,53.9195
22.8053,23.2775,53.9172
22.8965,23.2948,53.8087
22.8919,23.2937,53.8144
22.8581,23.2825,53.8594
22.8509,23.2843,53.8648
22.8483,23.2902,53.8614
22.7915,23.2823,53.9263
22.8083,23.2854,53.9063
22.7698,23.2693,53.9609
22.7523,23.2704,53.9773
22.8272,23.2911,53.8817
22.7954,23.2798,53.9248
22.7614,23.2672,53.9714
22.747,23.2667,53.9862
22.6956,23.2465,54.0579
22.9724,23.3073,53.7203
23.2514,23.3789,53.3697
22.8153,23.2593,53.9254
23.209,23.364,53.427
23.5648,23.43,53.0053
23.1583,23.3498,53.492
23.2168,23.3603,53.4229
22.8941,23.29,53.816
22.8833,23.2842,53.8325
22.8335,23.2787,53.8878
23.3701,23.4019,53.2281
23.1415,23.3605,53.4979
22.68,23.2483,54.0717
22.7986,23.2804,53.921
22.6647,23.2575,54.0778
23.089,23.3698,53.5412
22.8215,23.2859,53.8925
22.5744,23.2363,54.1894
22.4763,23.211,54.3127
22.6386,23.2461,54.1153
22.4128,23.196,54.3913
22.6656,23.2529,54.0815
22.941,23.2942,53.7648
22.5046,23.1983,54.2971
22.7463,23.2646,53.9891
22.4422,23.1913,54.3665
22.5309,23.2167,54.2524
22.4962,23.2045,54.2993
22.7377,23.2598,54.0025
22.2427,23.147,54.6103
22.0849,23.0833,54.8318
21.9455,23.0593,54.9953
22.1164,23.1095,54.7741
22.4603,23.1868,54.3529
22.5733,23.2215,54.2052
22.062,23.0983,54.8396
23.2405,23.3396,53.4199
24.0714,23.5121,52.4165
23.3596,23.3604,53.28
22.5876,23.1993,54.2131
21.9842,23.0716,54.9442
21.6591,22.9721,55.3688
21.7705,23.0191,55.2104
21.9555,23.0571,54.9874
21.7319,23.0218,55.2463
21.9428,23.0144,55.0428
22.5345,23.1547,54.3109
23.9652,23.459,52.5758
23.2592,23.3241,53.4168
22.915,23.234,53.8509
22.153,23.0518,54.7952
22.2685,23.0668,54.6647
22.2706,23.094,54.6354
23.7101,23.398,52.8919
24.0014,23.4403,52.5583
23.6902,23.3835,52.9263
23.8469,23.4038,52.7493
24.0409,23.4403,52.5188
24.0012,23.4266,52.5722
23.8922,23.4111,52.6967
23.7945,23.3886,52.8169
23.6717,23.3644,52.9639
23.5947,23.3553,53.05
23.5388,23.3441,53.1171
23.4323,23.341,53.2267
23.4086,23.3399,53.2515
23.3653,23.341,53.2937
23.3327,23.3433,53.324
23.2759,23.3509,53.3732
23.2642,23.3612,53.3745
23.2445,23.3668,53.3887
23.2917,23.3762,53.3321
23.2781,23.388,53.3338
23.3238,23.4095,53.2667
23.2235,23.4027,53.3737
23.1475,23.3912,53.4614
23.061,23.3949,53.5441
22.9299,23.3924,53.6777
22.2729,23.243,54.4841
22.0039,23.1786,54.8174
22.2336,23.2393,54.5272
21.815,23.1477,55.0373
21.3975,23.031,55.5715
21.4034,23.0302,55.5665
22.2951,23.2592,54.4458
22.8863,23.3811,53.7326
21.747,23.1107,55.1423
23.2698,23.4879,53.2422
24.6914,23.7984,51.5102
23.516,23.5618,52.9222
22.5208,23.3418,54.1374
22.2782,23.2739,54.4479
21.7852,23.1534,55.0614
21.5532,23.1205,55.3262
21.7237,23.1783,55.0979
21.8049,23.1985,54.9966
21.8502,23.2136,54.9362
22.1715,23.2835,54.5451
22.3991,23.3195,54.2814
22.8514,23.4482,53.7003
22.2217,23.2993,54.479
22.1806,23.297,54.5223
21.6278,23.1516,55.2206
21.4308,23.1174,55.4517
21.4523,23.0895,55.4582
21.4026,23.1022,55.4952
21.2085,23.0622,55.7293
21.0196,23.0018,55.9785
21.0823,23.0274,55.8902
21.0296,23.0363,55.9341
20.8489,22.9828,56.1683
21.182,23.079,55.739
20.9779,23.0108,56.0113
20.9472,23.0083,56.0445
20.9488,22.9841,56.0671
20.8242,22.987,56.1888
21.2929,23.0932,55.6139
21.0367,23.041,55.9223
21.6188,23.2038,55.1774
21.1515,23.0825,55.7661
21.1153,23.0655,55.8191
21.244,23.1088,55.6473
21.0788,23.0486,55.8726
21.3858,23.1536,55.4606
21.0269,23.0812,55.8918
21.2078,23.0949,55.6972
20.9527,22.9873,56.06
20.7608,22.9729,56.2663
20.8844,23.0345,56.0811
20.8809,23.0369,56.0821
20.9752,23.0654,55.9594
20.8475,23.0471,56.1054
20.7696,23.0122,56.2182
20.7994,23.041,56.1597
20.8182,23.05,56.1318
20.7861,23.057,56.1568
20.723,23.0374,56.2396
20.6667,23.0113,56.322
20.5458,22.9529,56.5013
20.4184,22.9108,56.6708
20.4858,22.947,56.5672
20.4724,22.9495,56.5782
20.3611,22.9086,56.7303
20.3333,22.9182,56.7485
20.1555,22.8657,56.9788
20.4703,22.9382,56.5915
20.4302,22.9553,56.6145
20.0536,22.8555,57.091
20.0807,22.8788,57.0405
20.1381,22.9016,56.9603
20.0347,22.8585,57.1069
19.8501,22.7997,57.3502
19.7595,22.7717,57.4688
19.8275,22.7955,57.377
19.8129,22.7991,57.388
19.6942,22.7646,57.5412
19.7907,22.7641,57.4452
19.4872,22.6676,57.8452
19.417,22.6538,57.9291
19.4026,22.6451,57.9523
19.4156,22.6661,57.9183
19.284,22.6223,58.0937
19.4501,22.6881,57.8618
19.4367,22.6691,57.8942
19.4721,22.6805,57.8473
19.2825,22.6001,58.1175
20.0878,22.8141,57.0981
19.7859,22.6699,57.5442
19.9441,22.7002,57.3557
21.2336,22.9357,55.8307
21.0149,22.9086,56.0766
20.247,22.7726,56.9804
20.6571,22.8417,56.5012
20.6389,22.8665,56.4945
19.9617,22.7429,57.2955
20.9448,22.922,56.1332
20.9042,22.9149,56.1809
20.9965,22.9188,56.0847
20.28,22.8014,56.9187
19.7189,22.6848,57.5963
20.9963,22.9203,56.0833
20.6394,22.8533,56.5073
21.5276,22.9786,55.4938
21.1604,22.8956,55.944
19.5327,22.5882,57.8791
19.8608,22.644,57.4952
20.0297,22.6683,57.302
20.548,22.7469,56.705
19.2263,22.4699,58.3038
19.2078,22.4875,58.3047
19.4855,22.5577,57.9568
19.8119,22.5993,57.5888
21.2217,22.8812,55.8971
20.5536,22.7181,56.7283
21.1476,22.8145,56.0379
20.0906,22.5869,57.3225
19.61,22.4828,57.9072
19.0535,22.3367,58.6098
19.9546,22.5815,57.4639
21.0733,22.8435,56.0831
20.7297,22.7442,56.5261
18.9062,22.2673,58.8265
17.9869,22.021,59.9921
18.7812,22.2765,58.9422
20.4789,22.7434,56.7776
19.2373,22.3938,58.3689
19.8559,22.5854,57.5587
19.9329,22.6226,57.4445
20.9703,22.9562,56.0735
20.4282,22.7179,56.8539
19.3292,22.2872,58.3835
20.0454,22.5109,57.4437
21.1515,22.8611,55.9874
20.9346,22.792,56.2733
20.3416,22.5941,57.0643
19.558,22.3174,58.1246
21.1136,22.889,55.9974
19.8503,22.4463,57.7034
20.6087,22.7275,56.6638
21.015,22.8759,56.1091
20.4961,22.6642,56.8397
20.008,22.4575,57.5345
18.9013,21.9918,59.1069
19.0796,22.0532,58.8672
19.2754,22.1361,58.5885
17.4816,21.4209,61.0974
16.8779,21.1286,61.9935
16.9851,21.1336,61.8812
17.4107,21.2724,61.3169
17.9513,21.5308,60.5179
20.1045,22.4064,57.4891
20.6556,22.6054,56.7391
20.3887,22.4912,57.1201
20.3279,22.4378,57.2343
20.2737,22.3958,57.3306
20.4077,22.4519,57.1404
20.5763,22.5317,56.892
20.8888,22.6608,56.4503
20.8795,22.6389,56.4816
20.7778,22.5781,56.644
20.9454,22.6104,56.4442
21.2271,22.6978,56.0751
21.2767,22.6914,56.0319
21.3364,22.6906,55.973
21.2421,22.6189,56.1389
21.1527,22.5461,56.3012
21.159,22.5131,56.3279
21.1472,22.4779,56.3748
20.9293,22.327,56.7437
21.2381,22.4136,56.3482
21.7981,22.6183,55.5837
22.0062,22.6855,55.3082
22.0896,22.692,55.2184
22.0965,22.6723,55.2312
22.1458,22.6535,55.2007
22.152,22.6296,55.2184
22.0886,22.6025,55.3089
21.9984,22.5799,55.4217
21.9322,22.5446,55.5232
21.9434,22.547,55.5095
21.952,22.5274,55.5206
21.8033,22.474,55.7227
21.711,22.4628,55.8262
21.631,22.4378,55.9312
21.568,22.4113,56.0207
21.4273,22.3602,56.2125
21.4142,22.3883,56.1975
21.9909,22.583,55.4261
23.1156,22.8857,53.9987
24.4325,23.1293,52.4382
25.1316,23.1712,51.6972
25.2512,23.0977,51.6511
25.1291,23.0298,51.8412
25.046,23.0061,51.9479
25.0699,23.0173,51.9128
25.2447,23.0416,51.7136
25.4727,23.0661,51.4612
25.6041,23.0272,51.3688
25.4176,22.9449,51.6375
25.1278,22.891,51.9811
25.0789,22.8714,52.0497
25.2901,22.8465,51.8634
25.0629,22.7165,52.2206
24.5098,22.5454,52.9449
23.8269,22.3347,53.8384
23.419,22.2197,54.3613
23.1017,22.0854,54.8128
22.4998,21.8876,55.6126
22.2209,21.8101,55.969
22.128,21.7691,56.1028
22.0247,21.7357,56.2396
21.9122,21.7074,56.3804
21.8461,21.6785,56.4754
21.8806,21.6745,56.4449
22.076,21.7146,56.2094
22.4234,21.7951,55.7815
22.8515,21.8812,55.2673
23.2873,21.9772,54.7354
23.7973,22.0922,54.1105
24.3442,22.2183,53.4375
24.7563,22.2795,52.9642
24.874,22.2578,52.8682
24.8266,22.15,53.0234
24.5594,21.9365,53.5041
24.0976,21.6282,54.2742
23.5027,21.2232,55.2742
23.6641,20.8426,55.4933
24.2441,20.5851,55.1708
24.8941,20.3786,54.7272
25.5169,20.2164,54.2667
25.4604,20.0157,54.5239
24.8649,19.8245,55.3106
24.8579,19.6375,55.5046
25.3141,19.6196,55.0663
26.6567,20.1569,53.1864
28.9002,21.3682,49.7315
30.8247,22.4251,46.7502
31.4987,22.758,45.7433
31.634,22.6793,45.6866
31.6089,22.538,45.853
31.5397,22.3402,46.1202
31.458,22.1724,46.3696
31.3878,21.9944,46.6178
31.2992,21.836,46.8648
31.3036,21.7044,46.992
31.3374,21.5823,47.0803
31.4752,21.4962,47.0285
31.6211,21.419,46.9599
31.9453,21.4222,46.6325
32.2875,21.3866,46.326
32.7024,21.5138,45.7839
33.1533,21.6073,45.2395
33.5979,21.7756,44.6266
35.4431,22.9664,41.5905
35.4461,22.9465,41.6074
35.4322,23.3047,41.2632
35.1393,23.9225,40.9381
35.0535,24.2318,40.7147
34.7274,24.5675,40.7052
34.6144,25.4484,39.9372
25.8122,24.4129,49.7749
22.2897,23.048,54.6622
23.1557,23.443,53.4013
22.077,22.968,54.9549
26.0569,24.5016,49.4415
26.2143,24.5762,49.2095
26.828,24.8003,48.3717
21.427,22.9403,55.6327
21.6051,23.0142,55.3807
21.7985,23.1073,55.0943
21.8985,23.1473,54.9542
21.8873,23.1365,54.9762
21.8374,23.0366,55.1261
21.7953,22.9856,55.2191
21.8832,23.0631,55.0537
21.9974,23.1585,54.8441
22.0148,23.1451,54.8401
22.0326,23.1482,54.8192
22.0008,23.1309,54.8683
21.9494,23.1175,54.9331
21.8422,23.0717,55.0861
21.7247,22.9588,55.3165
25.4805,24.2257,50.2938
29.0462,25.5109,45.4429
21.9018,23.0535,55.0447
22.0241,23.1622,54.8137
22.0757,23.1665,54.7578
22.1011,23.154,54.745
22.2306,23.2177,54.5517
22.2704,23.2379,54.4917
22.3022,23.2653,54.4325
22.2785,23.2529,54.4686
22.21,23.2262,54.5639
22.2131,23.2366,54.5503
22.1294,23.1897,54.6809
21.986,23.1287,54.8853
21.9098,23.1094,54.9809
21.9151,23.1466,54.9383
21.8841,23.1344,54.9815
21.8555,23.1305,55.014
21.9013,23.1752,54.9235
21.7911,23.1121,55.0968
21.6887,23.016,55.2952
21.6596,22.9894,55.3509
21.7901,23.1141,55.0958
21.8152,23.1467,55.0381
21.7679,23.1165,55.1156
21.6998,23.0996,55.2006
21.7243,23.1583,55.1175
21.6239,23.1525,55.2236
21.3484,23.0236,55.6281
20.962,22.8431,56.1949
21.5298,22.9409,55.5293
23.4697,23.6749,52.8555
21.8822,23.0683,55.0494
22.1735,23.2324,54.5941
21.1419,22.8761,55.982
20.2082,22.5526,57.2392
21.9564,23.1964,54.8471
26.5917,24.8481,48.5602
26.2121,24.723,49.065
24.6576,24.181,51.1614
21.8402,23.1874,54.9725
21.8885,23.2833,54.8282
20.736,22.8489,56.4151
21.7016,23.1811,55.1173
21.1391,23.0106,55.8503
21.1985,23.0362,55.7653
21.1442,22.9963,55.8595
21.1122,22.9976,55.8902
21.0554,22.9283,56.0162
20.9281,22.908,56.1638
20.9913,22.943,56.0656
21.0295,22.8785,56.092
21.1443,22.9095,55.9462
21.0268,22.9606,56.0126
21.0395,22.9695,55.9911
20.9828,22.9461,56.0711
20.9403,22.9297,56.1301
20.928,22.9248,56.1472
20.9513,22.9818,56.0669
20.9881,23.0113,56.0006
20.875,22.929,56.196
20.8402,22.8802,56.2796
20.7977,22.8447,56.3576
20.784,22.8004,56.4156
20.8238,22.8488,56.3274
20.9265,22.9612,56.1123
20.9753,22.9751,56.0496
20.9354,22.9319,56.1326
21.0449,23.015,55.9401
21.0147,22.9868,55.9985
20.9489,22.9476,56.1035
20.9227,22.9384,56.1389
20.8796,22.9285,56.1919
20.7919,22.8618,56.3463
20.8067,22.8619,56.3314
20.8266,22.8796,56.2938
20.8191,22.874,56.3069
20.8373,22.8948,56.2679
20.8889,22.9367,56.1744
20.8682,22.9137,56.2181
20.7835,22.8621,56.3544
20.7084,22.8089,56.4827
20.7527,22.7734,56.4739
20.6756,22.727,56.5974
20.7347,22.8454,56.4198
20.781,22.8938,56.3252
20.8055,22.9026,56.2919
20.7634,22.862,56.3746
20.7764,22.8761,56.3475
20.7898,22.8868,56.3234
20.7441,22.851,56.4049
20.739,22.8538,56.4071
20.7184,22.8249,56.4566
20.75,22.8621,56.388
20.7447,22.8868,56.3685
20.6935,22.8248,56.4817
20.7043,22.8451,56.4506
20.6628,22.7842,56.553
20.6425,22.7675,56.59
20.6384,22.7865,56.5751
20.6563,22.8242,56.5194
20.6669,22.8314,56.5018
20.6845,22.852,56.4635
20.6533,22.8369,56.5098
20.6268,22.822,56.5512
20.6553,22.8621,56.4826
20.6386,22.8439,56.5175
20.6034,22.822,56.5745
20.6288,22.8496,56.5216
20.6555,22.871,56.4736
20.6875,22.9033,56.4091
20.6892,22.921,56.3898
20.7226,22.9503,56.327
20.7216,22.9534,56.3249
20.6795,22.9321,56.3885
20.6598,22.9331,56.4071
20.5873,22.9126,56.5001
20.5529,22.9037,56.5434
20.5053,22.8897,56.6049
20.4544,22.8663,56.6793
20.424,22.8765,56.6995
20.3767,22.8531,56.7702
20.3514,22.8562,56.7924
20.3555,22.8653,56.7791
20.3824,22.889,56.7286
20.3171,22.8654,56.8175
20.2647,22.8432,56.8922
20.2121,22.8127,56.9752
20.2001,22.818,56.9819
20.1833,22.828,56.9887
20.1249,22.7841,57.091
20.0767,22.7809,57.1424
20.0058,22.7489,57.2453
19.877,22.677,57.4459
19.8549,22.6954,57.4497
19.8503,22.7063,57.4434
19.7844,22.6682,57.5474
19.7361,22.6561,57.6079
19.6674,22.6216,57.7111
19.6765,22.665,57.6585
19.59,22.6313,57.7788
19.5167,22.5992,57.8841
19.3973,22.5472,58.0555
19.3168,22.5004,58.1828
19.2463,22.4579,58.2958
19.2071,22.4413,58.3517
19.1301,22.4133,58.4566
19.1006,22.4182,58.4812
19.1001,22.4347,58.4652
19.0662,22.4179,58.5159
19.0215,22.3963,58.5822
19.009,22.4238,58.5672
18.9818,22.4153,58.6029
18.9756,22.4387,58.5856
18.9441,22.4212,58.6347
18.9312,22.4502,58.6186
18.8675,22.4195,58.713
18.8566,22.4229,58.7205
18.8558,22.4379,58.7063
18.8373,22.4473,58.7154
18.7953,22.4429,58.7619
18.7688,22.442,58.7892
18.7504,22.4497,58.7999
18.701,22.4237,58.8754
18.6197,22.4077,58.9726
18.5739,22.3895,59.0365
18.526,22.3813,59.0927
18.4255,22.3381,59.2364
18.3473,22.2962,59.3565
18.2662,22.2748,59.459
18.1972,22.2557,59.547
18.1521,22.2389,59.6089
18.1171,22.2378,59.6451
18.0636,22.231,59.7054
17.9812,22.1862,59.8326
17.9323,22.1734,59.8944
17.8634,22.1496,59.987
17.7576,22.1114,60.131
17.6598,22.0694,60.2709
17.5887,22.0379,60.3733
17.4948,21.9901,60.5151
17.4198,21.9571,60.6231
17.3593,21.9472,60.6934
17.2551,21.8843,60.8606
17.2117,21.8713,60.917
16.8753,21.6848,61.4399
17.0452,21.8269,61.1279
16.9909,21.8225,61.1866
16.91,21.7775,61.3125
16.8457,21.7712,61.3831
16.7969,21.7691,61.4341
16.7137,21.7601,61.5263
16.5576,21.6662,61.7762
16.5385,21.6832,61.7783
16.4614,21.6498,61.8889
16.3507,21.6155,62.0338
16.2336,21.5326,62.2338
16.1987,21.5535,62.2478
16.128,21.5005,62.3715
16.0072,21.433,62.5597
15.9428,21.4247,62.6326
15.841,21.3514,62.8075
15.7563,21.3069,62.9368
15.6433,21.2419,63.1148
15.539,21.193,63.268
15.4742,21.1698,63.356
15.3972,21.1441,63.4587
15.3201,21.1084,63.5715
15.2305,21.0698,63.6997
15.1203,21.0185,63.8612
15.0415,20.9879,63.9706
14.9483,20.9313,64.1205
14.8636,20.8826,64.2539
14.7477,20.8296,64.4226
14.6602,20.7853,64.5544
14.5826,20.7367,64.6807
14.4626,20.6606,64.8768
14.3587,20.5929,65.0484
14.2321,20.5278,65.2401
14.1244,20.4408,65.4348
14.02,20.3403,65.6397
13.9097,20.2598,65.8305
13.7807,20.1916,66.0277
13.6988,20.1406,66.1606
13.6105,20.1076,66.2819
13.5174,20.046,66.4367
13.4207,19.9975,66.5818
13.2781,19.9138,66.8081
13.1923,19.8384,66.9693
13.074,19.7536,67.1724
12.9746,19.6683,67.357
12.8257,19.558,67.6163
12.7323,19.4923,67.7753
12.6199,19.4089,67.9711
12.507,19.3044,68.1886
12.4136,19.1912,68.3952
12.2663,19.0734,68.6603
12.1637,18.9947,68.8416
12.0399,18.9238,69.0363
11.9139,18.8323,69.2538
11.779,18.6711,69.5499
11.702,18.5545,69.7435
11.6076,18.4651,69.9273
11.502,18.3761,70.1219
11.3603,18.2707,70.369
11.2638,18.192,70.5442
11.1691,18.108,70.723
11.0877,17.9914,70.9209
11.0262,17.8855,71.0883
10.9201,17.7707,71.3092
10.8392,17.6516,71.5092
10.733,17.5525,71.7145
10.6258,17.4414,71.9328
10.4574,17.3337,72.2089
10.3349,17.2331,72.4321
10.2512,17.0983,72.6505
10.1585,16.9768,72.8647
10.0239,16.8321,73.1441
9.92864,16.7026,73.3687
9.88147,16.5507,73.5678
9.8799,16.4049,73.7152
9.7746,16.2335,73.9919
9.73361,16.085,74.1814
9.74832,15.9373,74.3143
9.76612,15.7875,74.4464
9.78875,15.6331,74.5781
9.76393,15.4754,74.7606
9.79984,15.3218,74.8784
9.74855,15.1787,75.0727
9.72886,15.0439,75.2273
9.67729,14.8597,75.463
9.70445,14.7142,75.5814
9.77131,14.5925,75.6362
9.86889,14.4855,75.6456
9.95935,14.3806,75.66
10.0352,14.2651,75.6996
10.172,14.2054,75.6227
10.6888,14.425,74.8862
11.4998,14.904,73.5963
12.3688,15.4973,72.1339
14.793,17.5316,67.6755
17.8391,20.1581,62.0028
18.0958,20.1967,61.7076
18.2891,20.1867,61.5242
18.4477,20.1664,61.3859
18.6479,20.1596,61.1925
18.8794,20.1714,60.9491
19.1365,20.1892,60.6743
19.3556,20.2153,60.4291
19.6269,20.245,60.1281
19.905,20.3024,59.7926
20.1962,20.3629,59.4409
20.5421,20.4464,59.0115
20.8346,20.538,58.6274
21.1711,20.6415,58.1874
21.5146,20.7543,57.7311
21.8877,20.8843,57.2279
22.1932,21.0034,56.8034
22.5276,21.1273,56.3451
22.8534,21.2404,55.9063
23.165,21.3374,55.4977
23.4044,21.3841,55.2115
23.5566,21.3528,55.0906
23.6035,21.2396,55.1569
23.5732,21.0546,55.3722
23.5068,20.8503,55.643
23.4332,20.6554,55.9114
23.3814,20.4648,56.1538
23.3238,20.2927,56.3834
23.2537,20.1301,56.6162
23.1805,19.9605,56.859
23.1015,19.8082,57.0904
23.0162,19.6623,57.3215
22.9218,19.5165,57.5617
22.8529,19.3846,57.7624
22.7359,19.2534,58.0107
22.595,19.089,58.316
22.4927,18.9524,58.5549
22.3534,18.8038,58.8429
22.1785,18.6046,59.2169
22.0269,18.3949,59.5782
21.9298,18.1873,59.8829
21.8748,17.987,60.1382
21.9689,17.8573,60.1738
22.2345,17.8157,59.9498
22.5849,17.8578,59.5573
23.0755,17.9522,58.9723
23.6823,18.1139,58.2038
24.4518,18.4219,57.1263
25.2188,18.7638,56.0174
25.9933,19.1796,54.8272
26.6087,19.5418,53.8495
27.266,19.897,52.837
27.7129,20.2205,52.0665
28.0775,20.4823,51.4402
28.374,20.8071,50.8189
28.5195,20.865,50.6156
28.569,21.0439,50.3871
23.6565,23.3873,52.9562
23.6392,23.3808,52.9801
23.6057,23.3702,53.0241
23.5219,23.3576,53.1206
23.4907,23.349,53.1603
23.5181,23.3618,53.1201
23.5202,23.3648,53.115
23.5283,23.3658,53.1059
23.496,23.3635,53.1406
23.4898,23.3688,53.1415
23.4968,23.3691,53.1341
23.4728,23.3619,53.1653
23.4916,23.3717,53.1368
23.4761,23.3721,53.1518
23.518,23.3834,53.0986
23.4695,23.379,53.1515
23.4602,23.3765,53.1633
23.4359,23.3774,53.1867
23.4239,23.3787,53.1974
23.3736,23.3659,53.2606
23.3807,23.369,53.2503
23.4301,23.3865,53.1834
23.4401,23.3957,53.1642
23.4543,23.39,53.1558
23.4357,23.3856,53.1787
23.439,23.3899,53.1711
23.3725,23.3776,53.2499
23.3661,23.3684,53.2656
23.3748,23.3709,53.2543
23.3688,23.3762,53.255
23.351,23.377,53.2719
23.3314,23.3723,53.2962
23.3296,23.3726,53.2978
23.3358,23.3777,53.2864
23.2483,23.3553,53.3964
23.2114,23.3412,53.4474
23.2326,23.3518,53.4155
23.2218,23.3506,53.4276
23.2008,23.34,53.4592
23.2429,23.357,53.4001
23.2449,23.3613,53.3938
23.2144,23.3566,53.429
23.1797,23.344,53.4763
23.1799,23.3448,53.4753
23.1586,23.3401,53.5014
23.1786,23.3479,53.4735
23.1453,23.3435,53.5111
23.1229,23.3439,53.5332
23.1475,23.3465,53.506
23.1632,23.3558,53.481
23.1556,23.3508,53.4936
23.1052,23.3369,53.558
23.1105,23.3441,53.5454
23.1383,23.3468,53.5149
23.1333,23.3546,53.5121
23.1551,23.3578,53.487
23.1453,23.3622,53.4926
23.1347,23.3628,53.5025
23.1064,23.3525,53.5411
23.1006,23.3487,53.5507
23.0426,23.3361,53.6213
23.0874,23.3531,53.5595
23.0708,23.3398,53.5894
23.0644,23.3403,53.5953
23.0884,23.3571,53.5544
23.0317,23.3399,53.6284
23.0176,23.3358,53.6466
23.0434,23.3461,53.6105
23.0459,23.3497,53.6044
22.977,23.331,53.692
22.962,23.3372,53.7008
22.9518,23.3295,53.7187
22.9306,23.3274,53.742
22.9042,23.3227,53.7731
22.8963,23.3257,53.778
22.8466,23.3167,53.8367
22.8339,23.3013,53.8648
22.8003,23.3056,53.8941
22.7747,23.3171,53.9082
22.7537,23.2977,53.9486
22.7358,23.2971,53.9672
22.7351,23.3004,53.9644
22.6819,23.2847,54.0334
22.6729,23.2774,54.0497
22.766,23.2921,53.9419
22.9722,23.3524,53.6754
22.8366,23.3243,53.8391
22.707,23.3011,53.9919
22.7399,23.3171,53.943
22.71,23.3051,53.9849
22.5771,23.2768,54.1461
22.5833,23.2872,54.1294
22.5398,23.2829,54.1774
22.5318,23.2772,54.191
22.5282,23.2817,54.1901
22.5284,23.2769,54.1947
22.4918,23.2765,54.2317
22.4362,23.269,54.2948
22.3652,23.2532,54.3816
22.3301,23.2475,54.4224
22.8073,23.3423,53.8504
22.4667,23.2797,54.2536
22.4544,23.2801,54.2655
22.3173,23.2562,54.4265
22.3501,23.267,54.3829
22.4536,23.2943,54.2521
22.5316,23.2996,54.1688
22.5479,23.2969,54.1552
22.6151,23.3092,54.0757
22.5691,23.292,54.1389
22.5445,23.2876,54.1679
22.8144,23.3291,53.8565
23.1389,23.3912,53.47
22.8294,23.3345,53.8362
22.7433,23.3219,53.9348
22.4991,23.2803,54.2207
22.6376,23.3199,54.0425
22.8697,23.3698,53.7605
22.5812,23.3282,54.0906
22.253,23.2614,54.4856
22.1887,23.2437,54.5676
22.174,23.242,54.584
22.235,23.2508,54.5142
22.1355,23.235,54.6295
22.1773,23.2457,54.577
22.1541,23.237,54.609
22.1379,23.2446,54.6174
22.0972,23.2266,54.6762
22.0359,23.2229,54.7413
22.0187,23.2258,54.7555
21.9961,23.2208,54.7831
21.988,23.2189,54.7931
21.9454,23.2176,54.837
21.9015,23.2066,54.8919
21.8561,23.1967,54.9472
21.7975,23.1812,55.0213
21.8149,23.1964,54.9887
21.7797,23.1876,55.0327
21.7107,23.1688,55.1205
21.6843,23.1646,55.1511
21.6179,23.1456,55.2365
21.6111,23.1528,55.2361
21.6123,23.155,55.2326
21.5607,23.15,55.2892
21.5223,23.1419,55.3358
21.457,23.1132,55.4299
21.4596,23.1231,55.4173
21.4237,23.1185,55.4578
21.3991,23.1169,55.484
21.3573,23.1071,55.5357
21.3349,23.102,55.5631
21.3096,23.1002,55.5902
21.2889,23.1009,55.6102
21.2399,23.0874,55.6727
21.2961,23.1022,55.6017
21.1512,23.0603,55.7885
21.3583,23.1077,55.534
21.3186,23.095,55.5864
21.3308,23.093,55.5762
21.3398,23.094,55.5663
21.7607,23.1858,55.0535
21.6728,23.1505,55.1768
21.6166,23.1504,55.233
21.4916,23.1242,55.3842
21.4928,23.1269,55.3803
21.6352,23.1596,55.2052
21.6299,23.1633,55.2068
21.4774,23.1319,55.3908
21.558,23.1593,55.2828
21.5706,23.1655,55.2639
21.5469,23.1641,55.289
21.4379,23.1529,55.4092
21.3399,23.1374,55.5227
21.3003,23.1234,55.5763
21.1309,23.1019,55.7672
21.0831,23.1015,55.8154
20.8861,23.0583,56.0556
20.9082,23.0729,56.0189
20.8957,23.0685,56.0358
20.8326,23.0577,56.1097
