23.1801,20.8039,56.0161
22.9801,20.8336,56.1863
22.7542,20.824,56.4218
22.4983,20.7937,56.7081
22.3016,20.7905,56.9079
22.2491,20.8944,56.8565
22.2201,21.0369,56.743
22.1363,21.1537,56.71
21.9427,21.1818,56.8756
21.7086,21.1619,57.1295
21.4283,21.1155,57.4562
21.1344,21.0566,57.809
20.849,20.9964,58.1546
20.5443,20.9271,58.5287
20.2168,20.8349,58.9484
19.8806,20.7315,59.3879
19.576,20.6679,59.7561
19.2861,20.6173,60.0966
19.0343,20.5803,60.3854
18.8027,20.5749,60.6225
18.6054,20.5813,60.8133
18.4526,20.6059,60.9415
18.307,20.5982,61.0948
18.0529,20.5374,61.4097
17.7426,20.4422,61.8152
16.0936,19.2207,64.6857
14.2265,17.8581,67.9154
13.4974,17.4597,69.0429
12.7885,17.1187,70.0927
12.1772,16.811,71.0118
11.917,16.788,71.295
11.633,16.7655,71.6015
11.6758,16.887,71.4372
11.9062,17.0811,71.0127
11.7612,17.1274,71.1114
11.7995,17.2593,70.9412
12.0894,17.4736,70.437
12.1131,17.5786,70.3083
11.9091,17.5871,70.5038
11.9315,17.7027,70.3659
11.9627,17.8128,70.2245
11.9485,17.8861,70.1654
11.9858,17.9957,70.0185
12.0465,18.1075,69.846
12.0529,18.2152,69.7319
12.1671,18.3302,69.5027
12.2351,18.4228,69.3422
12.3629,18.5227,69.1144
12.2003,18.5979,69.2018
12.2477,18.6957,69.0566
12.535,18.7863,68.6787
12.4434,18.846,68.7106
12.5719,18.96,68.4681
12.7596,19.0738,68.1665
12.8639,19.1553,67.9808
12.8535,19.2232,67.9232
12.9142,19.3031,67.7827
13.1153,19.3795,67.5051
13.1641,19.461,67.3749
13.2166,19.5488,67.2346
23.7319,21.4169,54.8512
23.6002,21.4064,54.9933
23.3322,21.3324,55.3354
23.0294,21.2325,55.7381
22.6976,21.1252,56.1772
22.3834,21.0151,56.6015
22.0468,20.8987,57.0545
21.6948,20.7775,57.5277
21.325,20.6495,58.0255
21.0055,20.5308,58.4637
20.6003,20.3902,59.0096
20.2489,20.2782,59.4729
19.916,20.1782,59.9058
19.5937,20.1013,60.3049
19.3542,20.0497,60.5962
19.081,20.0089,60.9102
18.8564,19.9965,61.1471
18.6428,19.9903,61.3669
18.4905,20.0009,61.5085
18.2756,19.9998,61.7246
18.0471,19.9842,61.9687
17.8318,19.9934,62.1748
17.6192,19.9942,62.3866
17.41,19.9673,62.6227
17.1859,19.9449,62.8692
16.9439,19.9184,63.1377
15.1697,18.8984,65.932
13.7105,18.0635,68.2259
13.4039,18.0156,68.5805
13.0182,17.9741,69.0078
12.4538,17.7844,69.7618
12.2854,17.8304,69.8842
12.2724,17.9375,69.7901
12.2165,18.0064,69.7771
12.0755,18.065,69.8594
12.09,18.1887,69.7214
11.983,18.2508,69.7662
11.8473,18.2905,69.8621
11.8974,18.434,69.6685
12.0325,18.5948,69.3727
12.1698,18.7362,69.0941
12.1881,18.8197,68.9922
12.2437,18.9184,68.8379
12.2302,18.9891,68.7807
12.2795,19.0889,68.6317
12.3463,19.1938,68.4599
12.4044,19.2884,68.3073
12.4936,19.4063,68.1001
12.5482,19.4656,67.9861
12.565,19.5383,67.8967
12.718,19.6586,67.6234
12.8321,19.7728,67.3951
12.8332,19.8131,67.3536
13.0327,19.9298,67.0375
13.2596,20.0619,66.6785
13.317,20.1223,66.5607
13.3313,20.1613,66.5074
13.4329,20.2256,66.3415
13.5172,20.2978,66.185
13.6353,20.3878,65.9769
34.9331,24.4193,40.6476
35.4333,24.6855,39.8812
35.7435,24.8444,39.4121
21.7361,20.1812,58.0827
27.1052,22.0928,50.802
27.0846,22.151,50.7644
25.1219,21.4104,53.4676
27.2485,22.5395,50.212
27.1301,22.6894,50.1805
27.0503,22.8125,50.1373
26.6925,22.7961,50.5113
26.1365,22.7165,51.147
25.3745,22.5777,52.0478
24.6467,22.4585,52.8948
23.9612,22.3341,53.7047
23.3694,22.2296,54.401
22.9729,22.1682,54.8589
22.6198,22.1117,55.2686
22.3467,22.0668,55.5865
22.046,22.0015,55.9525
21.7472,21.9141,56.3388
21.4164,21.805,56.7786
21.0733,21.6792,57.2475
20.5312,21.4827,57.9861
19.9202,21.2516,58.8282
19.4138,21.0562,59.53
18.7207,20.7269,60.5524
18.661,20.7868,60.5522
18.0843,20.5324,61.3833
18.1373,20.6523,61.2104
18.9496,21.2009,59.8494
18.6709,21.1623,60.1668
18.3008,21.079,60.6202
17.1599,20.596,62.2441
16.1781,20.1937,63.6283
14.1045,19.1042,66.7913
14.4105,19.346,66.2435
13.7098,18.9833,67.3069
14.4566,19.3989,66.1444
16.8618,20.6479,62.4903
15.5169,20.1481,64.335
14.0804,19.5508,66.3688
13.5357,19.3199,67.1445
14.3827,19.8129,65.8044
13.5774,19.4701,66.9525
13.9914,19.7704,66.2381
13.9825,19.8271,66.1904
13.995,19.9009,66.104
13.3169,19.6584,67.0248
13.4091,19.7539,66.837
13.4672,19.8536,66.6793
13.5749,19.9538,66.4713
13.5647,20.0076,66.4277
13.7106,20.105,66.1843
13.7573,20.1666,66.0761
13.8412,20.2438,65.915
13.8897,20.2943,65.816
13.9947,20.37,65.6352
14.0928,20.4583,65.4489
14.1736,20.5225,65.3038
25.8552,22.1158,52.029
25.7594,22.1482,52.0924
25.5874,22.1649,52.2477
25.4148,22.1898,52.3954
25.2915,22.2269,52.4816
25.1807,22.2667,52.5526
25.055,22.2943,52.6507
24.9193,22.328,52.7528
24.8349,22.3564,52.8087
24.6752,22.346,52.9788
24.5084,22.3279,53.1638
24.3176,22.2962,53.3862
24.1092,22.2551,53.6357
23.9431,22.2129,53.844
23.7015,22.1509,54.1477
23.4205,22.0658,54.5138
23.1228,21.9766,54.9006
22.8815,21.9005,55.2179
22.57,21.7976,55.6324
22.2713,21.6883,56.0405
21.974,21.5964,56.4296
21.6737,21.5075,56.8187
21.4508,21.442,57.1073
21.1447,21.3486,57.5067
20.826,21.2425,57.9314
20.3932,21.0355,58.5714
20.0586,20.8576,59.0838
19.7426,20.7214,59.5359
19.3584,20.5444,60.0972
18.9375,20.3486,60.7139
18.5242,20.1635,61.3123
18.18,20.0086,61.8114
17.7486,19.8178,62.4336
17.3795,19.6782,62.9423
17.028,19.5487,63.4234
16.7902,19.4681,63.7417
16.5184,19.3873,64.0943
16.2237,19.3033,64.473
15.9616,19.2322,64.8062
15.6172,19.1078,65.275
15.4073,19.0539,65.5388
15.1927,19.0212,65.7861
14.9206,18.9723,66.1071
14.6942,18.9366,66.3691
14.5877,18.9551,66.4573
14.4647,18.9684,66.5669
14.4091,19.0058,66.5852
14.3547,19.0307,66.6145
14.3815,19.0889,66.5295
14.3705,19.131,66.4985
14.3627,19.1792,66.4581
14.3484,19.2245,66.4271
14.3044,19.2561,66.4394
14.3695,19.3199,66.3105
14.4404,19.4029,66.1567
14.518,19.4706,66.0115
14.5313,19.5175,65.9513
14.5433,19.5837,65.873
14.4626,19.6327,65.9048
14.4624,19.7066,65.831
23.0571,20.4188,56.524
22.8646,20.4776,56.6578
22.5783,20.5045,56.9172
22.2753,20.5215,57.2032
21.936,20.5061,57.5578
21.7099,20.5069,57.7832
21.4532,20.5116,58.0351
21.2287,20.5284,58.2429
21.012,20.556,58.4319
20.8623,20.5844,58.5532
20.679,20.6114,58.7096
20.5021,20.6428,58.8551
20.352,20.6933,58.9547
20.1952,20.7461,59.0586
20.1063,20.807,59.0867
20.0132,20.8821,59.1047
19.9318,20.9716,59.0967
19.7508,20.9985,59.2507
19.5886,21.0187,59.3927
19.406,21.0454,59.5486
19.3002,21.1103,59.5895
19.2271,21.1939,59.579
19.1857,21.2799,59.5344
19.2031,21.3807,59.4162
19.1678,21.4522,59.38
18.9022,21.375,59.7228
13.8982,18.1408,67.961
11.2349,16.4854,72.2798
10.9178,16.4453,72.6369
10.4066,16.3634,73.23
10.0069,16.2844,73.7087
10.0351,16.4928,73.4721
10.0958,16.6957,73.2086
10.1601,16.9116,72.9282
10.2638,17.1131,72.6231
10.3666,17.3079,72.3254
10.5349,17.5342,71.9308
10.6287,17.7157,71.6556
10.731,17.8839,71.3852
10.8439,18.0583,71.0978
10.9905,18.2325,70.7771
11.1269,18.3922,70.4809
11.3077,18.5578,70.1345
11.4359,18.7199,69.8443
11.6114,18.8805,69.508
11.7752,19.0519,69.1729
11.907,19.1999,68.8932
12.0362,19.3284,68.6355
12.1755,19.4673,68.3573
12.3619,19.6089,68.0292
12.5257,19.7282,67.7461
12.6559,19.8291,67.515
12.7935,19.9233,67.2832
12.955,20.0331,67.0119
13.0798,20.1257,66.7945
13.2104,20.2199,66.5697
13.3267,20.3012,66.3721
13.463,20.3878,66.1492
13.5982,20.4692,65.9326
13.7275,20.5465,65.726
24.0514,20.7162,55.2324
24.3859,21.0732,54.5408
24.6685,21.3999,53.9316
24.7696,21.612,53.6184
24.7461,21.7432,53.5106
24.6034,21.8184,53.5782
24.373,21.8718,53.7553
24.086,21.8929,54.0212
23.8098,21.9202,54.27
23.6409,21.9568,54.4024
23.4774,22.003,54.5196
23.2853,22.0196,54.6951
23.049,22.0042,54.9469
22.832,21.9898,55.1782
22.6136,21.9809,55.4056
22.458,21.9824,55.5596
22.3374,21.9998,55.6629
22.2321,22.0083,55.7596
22.1379,22.0035,55.8586
21.9746,21.9796,56.0458
21.7984,21.9421,56.2595
21.612,21.9126,56.4754
21.4873,21.8909,56.6217
21.3476,21.8634,56.7889
21.185,21.8166,56.9984
21.0068,21.7689,57.2244
20.8854,21.7363,57.3783
20.8544,21.7326,57.413
20.7651,21.7065,57.5284
20.7016,21.6991,57.5994
20.5321,21.6072,57.8606
20.3337,21.5222,58.1441
20.1626,21.453,58.3844
20.032,21.3985,58.5695
19.9452,21.3557,58.6992
19.8213,21.2894,58.8892
19.7077,21.2409,59.0514
19.5097,21.1613,59.329
19.3141,21.0944,59.5914
19.1729,21.068,59.759
19.0841,21.0358,59.8801
18.9494,20.9296,60.121
18.7989,20.8645,60.3366
18.9654,21.0111,60.0235
19.1066,21.1123,59.7811
18.8081,20.9543,60.2377
18.6975,20.9428,60.3597
18.3231,20.772,60.9048
18.0278,20.5938,61.3785
17.6095,20.3389,62.0516
17.4285,20.2463,62.3251
17.1548,20.1057,62.7394
17.0632,20.0971,62.8397
16.9559,20.0601,62.9839
17.1376,20.1901,62.6723
17.266,20.2961,62.4379
17.1325,20.2202,62.6473
17.0232,20.1712,62.8056
16.8867,20.1287,62.9847
16.8627,20.1605,62.9767
23.3884,21.1547,55.4568
23.3269,21.277,55.3961
23.3563,21.4556,55.188
23.3037,21.5667,55.1296
23.0698,21.5654,55.3648
22.8013,21.5293,55.6694
22.4598,21.4557,56.0845
22.1039,21.3761,56.5201
21.7905,21.308,56.9014
21.4967,21.2453,57.258
21.285,21.2026,57.5124
21.0647,21.1628,57.7725
20.8822,21.1586,57.9593
20.7608,21.1728,58.0664
20.7103,21.2035,58.0862
20.5586,21.2078,58.2336
20.3413,21.1692,58.4895
20.0681,21.1018,58.8302
19.7413,21.0066,59.2522
19.4786,20.9267,59.5946
19.1607,20.8259,60.0133
18.8502,20.7349,60.415
18.5624,20.6464,60.7913
18.382,20.5792,61.0387
18.2539,20.5376,61.2084
18.2809,20.5468,61.1724
18.1719,20.412,61.4161
17.4927,19.7953,62.712
17.1107,19.5157,63.3736
16.8967,19.4397,63.6635
16.308,19.0654,64.6266
16.0732,18.88,65.0468
16.691,19.3269,63.9822
17.6897,20.2044,62.1059
17.0435,19.9425,63.0141
16.2066,19.5114,64.282
15.8846,19.4321,64.6833
15.3892,19.2774,65.3334
15.063,19.2355,65.7014
14.5521,19.0336,66.4143
13.8259,18.6326,67.5416
13.7912,18.6841,67.5247
14.0518,18.9674,66.9809
13.693,18.8747,67.4323
13.5879,18.9457,67.4664
13.2831,18.8835,67.8334
12.5795,18.5341,68.8864
12.4658,18.5768,68.9574
12.457,18.6575,68.8855
12.5128,18.758,68.7292
12.6043,18.8691,68.5266
12.6387,18.9515,68.4098
12.6841,19.0481,68.2678
12.75,19.1346,68.1154
12.8117,19.2246,67.9637
12.9479,19.3412,67.7109
12.9994,19.4092,67.5914
13.067,19.4867,67.4462
13.1018,19.5581,67.3402
13.1945,19.6703,67.1352
24.6842,21.6465,53.6693
24.8553,21.9237,53.221
24.9163,22.1444,52.9393
24.9499,22.3532,52.697
24.964,22.5507,52.4852
25.0163,22.7286,52.2551
24.9041,22.8185,52.2775
24.6852,22.8323,52.4825
24.4414,22.7995,52.759
24.2693,22.7857,52.945
24.0645,22.7666,53.1689
23.8894,22.7569,53.3537
23.7076,22.7449,53.5475
23.5925,22.7698,53.6377
23.4979,22.7683,53.7338
23.4712,22.8315,53.6973
23.317,22.8255,53.8575
22.941,22.6802,54.3788
22.6558,22.5809,54.7634
22.303,22.4614,55.2356
21.9527,22.3491,55.6983
21.34,22.1009,56.5591
20.4919,21.7642,57.7439
19.9409,21.5637,58.4954
18.5647,20.95,60.4853
17.2393,20.3751,62.3857
15.7422,19.7665,64.4914
17.0267,20.4966,62.4766
15.0762,19.7757,65.148
15.1867,19.948,64.8654
14.7745,19.8705,65.355
18.7024,21.5842,59.7134
19.8586,22.0727,58.0687
19.9787,22.2173,57.804
20.9131,22.5696,56.5173
21.7728,22.8671,55.3601
22.4122,23.073,54.5148
22.7884,23.1904,54.0212
22.818,23.2048,53.9772
22.2411,23.067,54.6919
22.1098,23.0577,54.8325
22.1207,23.0908,54.7885
22.0964,23.0909,54.8127
22.1634,23.109,54.7277
21.0829,22.8676,56.0494
18.9294,22.3307,58.7399
17.171,21.8445,60.9845
17.0853,21.8693,61.0454
17.0835,21.8759,61.0406
18.5778,22.3643,59.0579
19.9882,22.7839,57.2278
21.3117,23.0628,55.6255
19.9821,22.8078,57.2101
19.3002,22.6602,58.0395
20.0502,22.8315,57.1183
19.751,22.7605,57.4884
19.566,22.6983,57.7357
19.3841,22.7224,57.8935
19.4048,22.7619,57.8333
19.0914,22.6706,58.2381
29.5132,23.4831,47.0037
29.1819,23.3931,47.425
28.8384,23.3043,47.8573
28.441,23.2013,48.3577
28.0007,23.0471,48.9522
27.2926,22.7438,49.9636
26.536,22.3993,51.0647
25.7578,22.0599,52.1822
24.9569,21.7103,53.3328
24.4474,21.507,54.0457
23.9522,21.3478,54.7001
23.4743,21.199,55.3266
23.0495,21.0859,55.8647
22.6658,21.021,56.3132
22.4107,21.0073,56.5819
22.0894,20.972,56.9386
21.7735,20.9299,57.2966
21.4798,20.8973,57.6229
21.2664,20.8913,57.8423
20.9931,20.8862,58.1207
20.7478,20.9006,58.3516
20.5207,20.9204,58.5589
20.2986,20.9374,58.764
20.1186,20.9374,58.944
18.7053,19.8828,61.4119
17.8792,19.348,62.7728
16.645,18.4681,64.8869
15.1416,17.3445,67.5139
14.4398,16.9068,68.6535
14.1436,16.8519,69.0045
13.8864,16.8257,69.2879
13.6063,16.7929,69.6008
13.3657,16.7768,69.8575
13.0779,16.7476,70.1745
12.8986,16.7842,70.3172
12.7314,16.822,70.4466
12.7322,16.9406,70.3272
12.7239,17.0523,70.2238
12.7209,17.1689,70.1102
12.6848,17.2679,70.0473
12.6376,17.3758,69.9866
12.7153,17.5252,69.7595
12.669,17.6217,69.7093
12.6877,17.7322,69.58
12.6551,17.8292,69.5157
12.6739,17.9368,69.3894
12.7211,18.0691,69.2097
12.7161,18.1717,69.1122
12.7677,18.2751,68.9572
12.8356,18.3896,68.7748
12.8265,18.4876,68.6858
12.9437,18.6116,68.4447
13.0237,18.7183,68.258
13.1056,18.8276,68.0668
13.1507,18.9274,67.9219
13.2709,19.0484,67.6806
13.3337,19.1428,67.5235
13.3711,19.2378,67.3911
13.4247,19.3343,67.241
13.5124,19.4258,67.0617
23.6621,21.5556,54.7823
23.581,21.6032,54.8158
23.4309,21.6027,54.9664
23.2306,21.5717,55.1977
22.998,21.5038,55.4982
22.7543,21.4159,55.8298
22.4342,21.3113,56.2545
22.122,21.2034,56.6746
21.8009,21.0898,57.1093
21.5103,21.0006,57.4892
21.1945,20.923,57.8825
20.8667,20.8383,58.295
20.5751,20.7614,58.6635
20.2851,20.693,59.022
20.0357,20.6304,59.3339
19.7701,20.5823,59.6475
19.5044,20.5373,59.9583
19.222,20.4906,60.2874
18.9877,20.4527,60.5596
18.7348,20.4176,60.8477
18.4952,20.3765,61.1283
18.2588,20.3348,61.4064
18.0459,20.2993,61.6549
17.8582,20.2719,61.87
17.6354,20.2286,62.136
17.437,20.1863,62.3768
16.8095,19.7023,63.4882
15.7386,18.7572,65.5043
15.5099,18.6416,65.8485
14.6141,17.9073,67.4786
13.8453,17.2555,68.8992
13.6759,17.1973,69.1269
13.5528,17.1941,69.2531
13.5751,17.2879,69.1369
13.4751,17.2897,69.2353
13.2807,17.2272,69.4921
13.1386,17.1883,69.6732
13.2404,17.3349,69.4248
13.2645,17.4186,69.3169
13.2989,17.5006,69.2005
13.2533,17.5211,69.2256
13.2931,17.6039,69.103
13.4377,17.7464,68.8159
13.4787,17.8403,68.681
13.5446,17.9425,68.5129
13.5634,18.0145,68.4221
13.5754,18.0829,68.3418
13.5408,18.1049,68.3543
13.3855,18.0536,68.5609
13.3356,18.0721,68.5922
13.3042,18.1108,68.585
13.2785,18.1504,68.5711
13.2169,18.1701,68.613
13.1802,18.2121,68.6077
13.0638,18.2046,68.7317
13.0452,18.2507,68.704
13.0479,18.2993,68.6528
13.019,18.3309,68.6501
13.0011,18.364,68.6349
12.9578,18.3852,68.6571
23.2218,20.9657,55.8125
22.9777,21.0201,56.0023
22.7258,21.0592,56.215
22.4683,21.0998,56.4319
22.3083,21.1464,56.5453
22.1005,21.166,56.7335
21.9136,21.2027,56.8837
21.7004,21.2177,57.0819
21.4931,21.2213,57.2857
21.3696,21.2379,57.3926
21.1741,21.2285,57.5973
20.9726,21.2181,57.8093
20.7543,21.1959,58.0499
20.6215,21.1973,58.1812
20.4363,21.1855,58.3782
20.2862,21.1908,58.523
20.1669,21.2167,58.6164
20.0499,21.2447,58.7054
19.9739,21.2916,58.7344
19.8331,21.3288,58.8381
19.7125,21.3664,58.9212
19.5706,21.4084,59.021
19.5178,21.4664,59.0158
19.3978,21.5089,59.0934
18.5961,20.9187,60.4852
17.2955,19.8571,62.8474
16.6969,19.4263,63.8768
15.1989,18.1916,66.6095
13.9868,17.2602,68.753
13.411,16.9374,69.6516
13.1745,16.9025,69.923
13.0661,16.9562,69.9777
13.002,17.0307,69.9672
12.8228,17.0545,70.1226
12.5914,17.0365,70.3721
12.3883,17.0473,70.5645
12.2024,17.0765,70.7211
12.1233,17.1732,70.7035
12.0734,17.2701,70.6565
12.0573,17.3813,70.5614
12.0656,17.5018,70.4327
12.0034,17.5878,70.4088
12.0187,17.7183,70.2631
11.9409,17.8038,70.2552
11.9428,17.8982,70.159
11.9921,18.0122,69.9957
12.1169,18.1568,69.7262
12.2297,18.2954,69.4749
12.2482,18.4068,69.3449
12.2765,18.5107,69.2128
12.3663,18.6279,69.0058
12.5227,18.7524,68.7249
12.5934,18.8492,68.5574
12.6886,18.9442,68.3672
12.7531,19.0335,68.2134
12.8292,19.1379,68.0329
12.9983,19.2599,67.7418
13.0968,19.3519,67.5513
13.1876,19.4424,67.3699
13.2779,19.5173,67.2048
36.3837,24.9851,38.6312
36.2071,24.8229,38.97
35.4966,24.5198,39.9836
34.3313,24.1281,41.5406
32.9518,23.7127,43.3355
31.5798,23.3442,45.0759
30.3891,23.0493,46.5616
29.339,22.8186,47.8424
28.368,22.6386,48.9934
27.693,22.5296,49.7774
27.0809,22.4441,50.475
26.5219,22.3637,51.1144
26.002,22.2891,51.7089
25.4858,22.205,52.3092
25.0437,22.1252,52.8311
24.5128,22.0333,53.4539
24.0135,21.9137,54.0728
23.8523,21.8789,54.2688
23.9668,21.9816,54.0516
24.0714,22.0811,53.8475
24.1544,22.1526,53.693
24.2584,22.2392,53.5024
24.3476,22.3233,53.3291
24.4483,22.3999,53.1518
24.5354,22.4736,52.991
24.6073,22.5527,52.84
24.667,22.6178,52.7151
24.7403,22.6753,52.5844
24.7842,22.7265,52.4893
24.8117,22.7798,52.4085
24.8316,22.8165,52.3519
24.8502,22.8582,52.2916
24.8804,22.8919,52.2277
24.9095,22.9201,52.1704
24.9396,22.9546,52.1058
24.9927,22.9933,52.014
25.0192,23.0239,51.9568
25.052,23.0544,51.8936
25.0427,23.0817,51.8757
25.0191,23.1068,51.8741
25.0067,23.1251,51.8682
24.9953,23.1469,51.8578
25.0137,23.1735,51.8128
25.0225,23.1936,51.7839
25.0614,23.2164,51.7222
25.1131,23.2467,51.6402
25.1916,23.277,51.5315
25.2288,23.3036,51.4676
25.2235,23.3261,51.4504
25.1722,23.3462,51.4816
25.09,23.3516,51.5584
25.0195,23.3534,51.6271
24.9348,23.3689,51.6963
24.8553,23.373,51.7717
24.7724,23.3823,51.8453
24.6976,23.3798,51.9225
24.6504,23.3823,51.9672
24.5761,23.3935,52.0303
24.4961,23.407,52.0969
24.4176,23.4257,52.1567
25.3287,22.4212,52.2501
25.2255,22.4399,52.3346
25.0403,22.4328,52.5269
24.831,22.4077,52.7613
24.5716,22.3604,53.0679
24.3853,22.3295,53.2852
24.1477,22.2894,53.5629
23.9086,22.2541,53.8373
23.6487,22.209,54.1422
23.4064,22.1616,54.4319
23.0851,22.0956,54.8193
22.7319,22.0134,55.2548
22.3759,21.914,55.7101
22.0395,21.8406,56.1199
21.8119,21.8023,56.3858
21.5423,21.7788,56.6789
21.2811,21.7609,56.958
21.0334,21.7424,57.2242
20.7884,21.7337,57.4779
20.6431,21.7498,57.6072
20.4743,21.7932,57.7325
20.3627,21.8526,57.7848
20.2801,21.9327,57.7872
20.1879,21.9955,57.8165
16.6957,19.5358,63.7686
13.8651,17.6275,68.5075
13.4741,17.4475,69.0784
12.6047,17.0876,70.3077
11.5437,16.5404,71.916
11.33,16.6293,72.0407
11.1714,16.7357,72.093
11.1549,16.895,71.9501
11.1924,17.0515,71.7561
11.149,17.182,71.669
11.1345,17.3252,71.5403
11.1009,17.4832,71.4159
11.0609,17.6576,71.2815
11.0762,17.843,71.0809
11.2141,18.0385,70.7474
11.2814,18.2015,70.5171
11.365,18.3652,70.2698
11.4592,18.5078,70.033
11.5546,18.6576,69.7878
11.7185,18.8299,69.4516
11.8268,18.9622,69.2109
11.9607,19.0856,68.9537
12.0838,19.2079,68.7084
12.2017,19.3132,68.4852
12.3814,19.4578,68.1608
12.5071,19.5806,67.9124
12.6489,19.7077,67.6434
12.7516,19.8119,67.4365
12.9081,19.9413,67.1506
13.0193,20.0388,66.9419
13.1285,20.1288,66.7427
13.2555,20.2219,66.5227
13.3911,20.3282,66.2807
13.5436,20.4234,66.0329
13.6479,20.5147,65.8375
13.7643,20.5663,65.6693
35.2098,25.2443,39.5459
34.5085,25.0059,40.4857
33.6869,24.6989,41.6142
32.6856,24.3857,42.9286
31.7453,24.0937,44.161
30.6831,23.7735,45.5434
29.5614,23.4459,46.9927
28.4948,23.1158,48.3894
27.4857,22.8267,49.6876
26.6208,22.594,50.7852
26.0611,22.4514,51.4875
25.6039,22.3551,52.0409
25.2088,22.2849,52.5063
24.6717,22.1995,53.1288
24.0378,22.0919,53.8703
23.4699,21.9913,54.5388
22.9618,21.893,55.1452
22.6064,21.8226,55.571
22.2403,21.7433,56.0165
21.8866,21.6772,56.4361
21.5696,21.611,56.8194
21.2417,21.5353,57.223
20.9342,21.4195,57.6462
20.5363,21.2256,58.238
20.1161,20.9764,58.9075
19.8161,20.8058,59.3781
19.3741,20.5227,60.1032
19.0972,20.3084,60.5944
18.9703,20.2719,60.7578
18.5974,20.0776,61.3251
18.2247,19.9342,61.8411
18.2086,20.0655,61.726
17.4533,19.6679,62.8788
16.4207,19.0455,64.5339
16.061,18.9326,65.0065
15.8086,18.8915,65.2999
15.4329,18.7044,65.8627
14.9937,18.4946,66.5117
14.6916,18.3977,66.9107
14.7002,18.5409,66.7588
14.6309,18.6083,66.7608
14.261,18.4662,67.2728
13.9728,18.4228,67.6044
13.7121,18.362,67.9259
13.6891,18.4495,67.8614
13.5118,18.4593,68.0289
13.4605,18.5413,67.9982
13.1057,18.4116,68.4827
12.8626,18.3231,68.8143
12.9731,18.47,68.5569
13.0983,18.6077,68.294
13.0547,18.6378,68.3075
13.1387,18.7271,68.1342
13.0602,18.7412,68.1986
13.0557,18.7964,68.1479
13.0716,18.8607,68.0677
13.2298,19.004,67.7662
13.4697,19.1713,67.359
13.5405,19.2586,67.2009
13.6305,19.3335,67.036
21.0728,19.6303,59.2969
20.9803,19.7664,59.2533
20.9173,19.9079,59.1749
20.7634,20.0092,59.2274
20.5965,20.0895,59.314
20.4894,20.1719,59.3387
20.3174,20.2387,59.4438
20.1715,20.3121,59.5164
20.0257,20.3872,59.5872
19.876,20.4487,59.6753
19.8104,20.5356,59.6539
19.7061,20.6302,59.6637
19.6184,20.7222,59.6594
19.5117,20.7945,59.6937
19.3828,20.8487,59.7685
19.3233,20.9108,59.766
19.2168,20.9748,59.8084
19.1354,21.0579,59.8067
19.0495,21.119,59.8315
18.9987,21.1956,59.8057
19.0117,21.282,59.7064
18.9101,21.3305,59.7594
18.861,21.398,59.7411
18.8262,21.481,59.6928
18.7372,21.5365,59.7263
18.6282,21.547,59.8248
15.4779,19.457,65.0651
13.0338,17.8784,69.0878
12.1637,17.4543,70.382
11.925,17.477,70.598
11.2047,17.2177,71.5776
11.0996,17.305,71.5954
10.9649,17.4166,71.6185
10.9244,17.5462,71.5295
11.0215,17.7569,71.2216
11.0834,17.9254,70.9911
11.1868,18.0988,70.7144
11.2113,18.2259,70.5628
11.2003,18.3782,70.4215
11.2176,18.562,70.2204
11.3191,18.704,69.9769
11.4845,18.8657,69.6498
11.6169,18.9827,69.4005
11.6771,19.0907,69.2323
11.8104,19.2519,68.9377
11.8966,19.424,68.6794
12.0118,19.5578,68.4304
12.1369,19.6594,68.2038
12.2721,19.7657,67.9622
12.4484,19.8715,67.6801
12.5966,19.969,67.4344
12.7243,20.0822,67.1935
12.8386,20.1887,66.9727
12.9456,20.2833,66.771
13.0616,20.3873,66.5511
13.2014,20.4975,66.3011
13.3264,20.6026,66.0709
13.4493,20.648,65.9027
13.6134,20.7342,65.6524
13.7365,20.8242,65.4393
23.2078,21.9542,54.8381
23.0034,21.8799,55.1167
22.8043,21.8331,55.3626
22.5866,21.7904,55.623
22.3677,21.7553,55.877
22.1664,21.7206,56.1129
21.856,21.6681,56.4759
21.5248,21.6011,56.8742
21.1865,21.5339,57.2797
20.8439,21.4749,57.6812
20.5699,21.4355,57.9945
20.2611,21.4151,58.3238
20.0227,21.4283,58.549
19.7958,21.4439,58.7603
19.6002,21.4757,58.924
19.5063,21.5515,58.9422
19.3738,21.6356,58.9906
19.2245,21.7003,59.0752
19.0659,21.7563,59.1778
18.9209,21.8082,59.2709
18.8786,21.8958,59.2256
18.848,21.9941,59.1579
18.8537,22.1137,59.0327
18.8564,22.2126,58.9309
18.8368,22.2868,58.8764
18.8448,22.3565,58.7986
18.8063,22.4114,58.7822
14.3895,19.4126,66.1979
10.201,16.6502,73.1488
9.52197,16.2469,74.2312
9.50704,16.4378,74.0552
8.95954,16.2547,74.7858
8.9642,16.4091,74.6267
9.03525,16.5978,74.367
9.14291,16.827,74.0301
9.21405,17.0412,73.7448
9.32361,17.2423,73.4341
9.45607,17.434,73.1099
9.6461,17.6279,72.726
9.78699,17.8424,72.3706
9.91974,18.0285,72.0518
10.0752,18.2073,71.7175
10.2444,18.3943,71.3613
10.4092,18.5642,71.0266
10.5447,18.7293,70.726
10.7082,18.8788,70.413
10.871,19.0458,70.0832
11.0192,19.1807,69.8002
11.2141,19.286,69.4999
11.3786,19.4239,69.1975
11.5384,19.5392,68.9223
11.6893,19.6675,68.6432
11.8301,19.7959,68.374
12.0101,19.9287,68.0613
12.1265,20.024,67.8495
12.277,20.149,67.574
12.4483,20.2364,67.3153
12.5644,20.3442,67.0914
12.7449,20.4538,66.8013
12.882,20.5228,66.5953
36.6162,25.565,37.8189
36.6477,25.5587,37.7936
36.5588,25.4891,37.9522
36.4248,25.3777,38.1975
36.1393,25.2465,38.6143
35.7319,25.0631,39.2049
35.2365,24.8487,39.9149
34.6379,24.6304,40.7317
33.9625,24.3777,41.6598
33.1397,24.1064,42.7539
32.4384,23.9015,43.6601
31.8519,23.7358,44.4123
31.3272,23.6038,45.069
30.8542,23.4988,45.647
30.284,23.3747,46.3412
29.6063,23.2388,47.155
28.8101,23.0649,48.1251
27.8334,22.8195,49.3471
26.9794,22.5955,50.4251
26.2855,22.4524,51.2621
25.7299,22.3718,51.8983
25.3539,22.3432,52.3029
24.956,22.2896,52.7543
24.6463,22.2578,53.096
24.2957,22.2147,53.4896
23.9422,22.1576,53.9002
23.6981,22.0998,54.2021
23.6701,22.0948,54.2351
23.7831,22.1179,54.0989
23.8165,22.0986,54.0849
23.8015,22.0774,54.1211
23.9053,22.1837,53.911
23.99,22.3232,53.6868
23.9232,22.3092,53.7676
23.9038,22.3769,53.7193
23.7765,22.4418,53.7817
23.4904,22.4194,54.0901
23.0893,22.2344,54.6764
23.0809,22.2081,54.711
23.2458,22.2852,54.469
23.4037,22.3513,54.245
23.3011,22.296,54.4029
23.2498,22.2902,54.46
23.2296,22.271,54.4994
22.8521,21.9994,55.1485
23.5344,22.4246,54.0411
23.9357,22.6697,53.3946
24.0771,22.7106,53.2123
24.3401,22.8609,52.799
24.5444,22.975,52.4805
24.586,23.0122,52.4018
24.5131,23.0529,52.434
24.4489,23.1157,52.4353
24.2849,23.138,52.577
24.0767,23.1132,52.81
23.8253,23.0757,53.0991
23.3961,22.9597,53.6442
23.14,22.9555,53.9045
22.7856,22.9622,54.2522
22.0757,22.752,55.1723
30.4674,22.6598,46.8728
29.7237,22.5267,47.7496
29.1001,22.4748,48.4251
28.5215,22.4478,49.0307
27.826,22.4165,49.7575
27.2457,22.3974,50.357
26.7199,22.4013,50.8787
26.315,22.4336,51.2514
25.9768,22.4638,51.5593
25.7444,22.5104,51.7453
25.6601,22.5826,51.7573
25.6427,22.6378,51.7195
25.5177,22.6366,51.8458
25.4048,22.6541,51.9411
25.1953,22.6399,52.1648
24.9329,22.6069,52.4602
24.7596,22.5907,52.6497
24.6263,22.569,52.8046
24.5695,22.5758,52.8547
24.5957,22.5682,52.836
24.8477,22.6249,52.5274
25.5869,22.8489,51.5642
26.6866,23.2207,50.0926
27.4875,23.5096,49.0028
27.7206,23.6321,48.6474
27.6433,23.675,48.6816
27.4911,23.683,48.826
27.4151,23.7381,48.8469
27.3541,23.8164,48.8295
27.3086,23.8336,48.8578
27.0151,23.8282,49.1567
26.881,23.8627,49.2564
26.7776,23.9024,49.3201
26.7308,23.9095,49.3597
26.4902,23.8535,49.6563
26.2049,23.8044,49.9907
25.8986,23.7094,50.3921
25.5777,23.6325,50.7898
25.3968,23.5661,51.0371
25.2723,23.5016,51.2261
25.2334,23.496,51.2706
25.3337,23.5333,51.133
25.3994,23.5449,51.0557
25.2868,23.5159,51.1973
24.95,23.4336,51.6164
24.6662,23.3605,51.9733
24.649,23.3737,51.9773
24.6307,23.3795,51.9898
24.5436,23.3888,52.0676
24.4496,23.3865,52.1639
24.267,23.3747,52.3583
24.0217,23.3315,52.6469
23.8364,23.2827,52.881
23.8365,23.28,52.8835
23.9902,23.3069,52.7029
23.9933,23.3377,52.669
23.5698,23.2712,53.1589
23.1815,23.1905,53.628
23.0043,23.1334,53.8624
22.916,23.0983,53.9857
28.3488,23.1598,48.4915
28.1648,23.153,48.6822
28.0002,23.1486,48.8512
27.9232,23.1699,48.9069
27.899,23.1967,48.9043
27.8104,23.2215,48.9682
27.6937,23.2386,49.0677
27.524,23.2441,49.2319
27.2548,23.198,49.5472
26.9419,23.1261,49.932
26.5237,23.0329,50.4433
26.1564,22.9495,50.8941
25.9681,22.9104,51.1215
25.7596,22.8919,51.3485
25.7214,22.9217,51.3569
25.8372,23.0135,51.1493
26.0297,23.1426,50.8276
26.1619,23.2476,50.5905
26.1892,23.3257,50.4851
26.2462,23.4081,50.3457
26.1882,23.4299,50.3819
26.012,23.4117,50.5764
25.726,23.3505,50.9235
25.2631,23.2224,51.5145
24.6505,23.035,52.3145
23.9675,22.8332,53.1993
23.3391,22.6363,54.0246
22.844,22.4976,54.6585
22.5239,22.4163,55.0598
22.3589,22.3823,55.2587
22.0802,22.2388,55.681
21.7894,22.0698,56.1408
21.7231,22.1169,56.16
21.7532,22.2371,56.0097
21.8576,22.394,55.7483
21.9243,22.5483,55.5274
21.9332,22.6215,55.4454
21.9741,22.7151,55.3107
22.0338,22.7986,55.1676
21.9402,22.7881,55.2718
21.8482,22.744,55.4078
22.0854,22.8461,55.0685
22.4711,23.0244,54.5045
22.7907,23.1574,54.0519
23.0559,23.2264,53.7177
23.5657,23.358,53.0763
24.0675,23.4953,52.4372
24.3448,23.5369,52.1184
24.4838,23.5106,52.0056
24.4092,23.4455,52.1453
24.1241,23.3475,52.5285
23.6837,23.1973,53.1189
23.2372,23.0262,53.7366
22.9598,22.8972,54.143
22.9854,22.9395,54.0751
23.2326,23.107,53.6603
23.4699,23.2667,53.2633
23.5789,23.3677,53.0534
23.384,23.3407,53.2752
22.9987,23.2544,53.7469
26.425,22.6776,50.8974
26.2135,22.6502,51.1363
25.9678,22.6087,51.4235
25.7281,22.5691,51.7028
25.4733,22.5362,51.9905
25.296,22.513,52.191
25.0411,22.4674,52.4914
24.8002,22.4319,52.7679
24.5727,22.3999,53.0274
24.333,22.3754,53.2915
24.1657,22.3526,53.4817
23.914,22.3089,53.7771
23.6656,22.268,54.0665
23.4168,22.2194,54.3638
23.2356,22.1833,54.5811
22.9274,22.1189,54.9537
22.6491,22.0514,55.2995
22.377,21.9854,55.6375
22.107,21.9367,55.9563
21.9305,21.9006,56.1689
21.6877,21.8709,56.4415
21.4527,21.8424,56.7049
21.2107,21.8146,56.9747
20.9905,21.7819,57.2275
20.8351,21.7826,57.3823
20.6293,21.7642,57.6065
20.4374,21.7507,57.8119
20.2552,21.7454,57.9994
20.1024,21.7477,58.1499
19.8261,21.5711,58.6028
19.0536,20.9409,60.0056
18.5261,20.5271,60.9469
18.3345,20.4517,61.2138
18.0422,20.278,61.6798
17.8045,20.1025,62.0931
17.6688,20.0563,62.2749
17.4274,19.9159,62.6567
17.0901,19.6901,63.2197
16.7439,19.4678,63.7883
16.4206,19.2347,64.3447
16.2188,19.131,64.6502
16.0599,19.0616,64.8785
16.0067,19.0857,64.9077
15.9223,19.0765,65.0013
16.0037,19.19,64.8063
15.8859,19.1659,64.9483
15.6763,19.0819,65.2418
15.4862,19.0008,65.5129
15.2791,18.9188,65.8021
15.0194,18.7919,66.1887
14.8248,18.7208,66.4545
14.6596,18.6685,66.6719
14.6422,18.7157,66.6421
14.7075,18.7902,66.5024
14.7905,18.8735,66.3361
14.9268,18.9953,66.0779
14.8265,18.9829,66.1906
14.5961,18.9121,66.4918
14.5558,18.9408,66.5035
14.3974,18.9216,66.681
25.176,21.9258,52.8981
24.753,21.96,53.287
24.4761,22.0435,53.4803
24.2092,22.1285,53.6623
23.9585,22.2171,53.8245
23.753,22.3054,53.9416
23.5881,22.41,54.0019
23.3447,22.4511,54.2042
22.9149,22.3482,54.7369
22.7325,22.309,54.9585
22.7792,22.4402,54.7806
22.8395,22.6038,54.5567
22.638,22.6455,54.7164
22.1535,22.528,55.3185
21.709,22.3307,55.9603
21.2483,22.0982,56.6535
20.8007,21.8599,57.3394
20.452,21.6397,57.9083
20.2175,21.5044,58.2781
20.0797,21.4469,58.4734
19.9269,21.4089,58.6642
19.7807,21.3917,58.8276
19.6167,21.3405,59.0428
19.436,21.2636,59.3004
19.3534,21.2384,59.4082
19.2638,21.231,59.5051
19.2028,21.2588,59.5384
19.146,21.2868,59.5672
19.1591,21.3168,59.524
18.5869,20.8521,60.561
17.3506,19.7517,62.8977
16.8101,19.3021,63.8878
16.7529,19.3436,63.9035
16.5465,19.2073,64.2462
16.0783,18.8864,65.0353
15.9047,18.829,65.2663
15.669,18.7319,65.5992
15.3449,18.579,66.0762
15.2386,18.5777,66.1837
15.1041,18.5662,66.3296
15.0724,18.6235,66.3041
15.006,18.645,66.349
14.7947,18.5824,66.6229
14.6853,18.5908,66.7239
14.4735,18.5322,66.9943
14.2837,18.4917,67.2246
14.164,18.4771,67.3589
14.0628,18.4818,67.4554
14.0303,18.5119,67.4579
13.9013,18.5023,67.5965
13.941,18.563,67.4961
14.5405,19.0042,66.4553
14.9679,19.392,65.6401
14.8113,19.3543,65.8344
14.2431,19.083,66.6739
14.1083,19.0985,66.7933
14.1004,19.1648,66.7348
13.8921,19.0922,67.0157
13.8926,19.1452,66.9622
13.9586,19.2365,66.8048
22.3899,20.631,56.9791
22.7733,21.0473,56.1795
22.4787,21.0812,56.4401
21.8911,20.9213,57.1877
21.1684,20.6945,58.1371
20.3202,20.3672,59.3126
19.6401,20.0998,60.2601
19.1393,19.9497,60.911
18.7096,19.7925,61.4979
18.2893,19.6214,62.0892
18.0326,19.5678,62.3996
17.782,19.4992,62.7188
17.5506,19.4349,63.0146
17.4067,19.4098,63.1836
17.2705,19.3982,63.3313
17.3571,19.5327,63.1102
17.454,19.6824,62.8636
17.4868,19.7736,62.7395
17.7083,19.968,62.3237
17.8509,20.1123,62.0368
18.2954,20.3988,61.3058
18.7776,20.7419,60.4805
18.74,20.8468,60.4132
18.6239,20.8256,60.5504
18.644,20.8609,60.4951
18.6615,20.9192,60.4193
18.491,20.8859,60.6231
18.3058,20.8334,60.8608
18.253,20.844,60.903
18.135,20.822,61.043
18.2367,20.8463,60.917
18.4441,20.961,60.5949
18.5189,21.0406,60.4405
18.5815,21.0966,60.322
18.6216,21.1349,60.2435
18.6087,21.1525,60.2388
18.5771,21.1549,60.268
18.4611,21.1096,60.4293
18.5805,21.0936,60.3259
18.8014,21.1278,60.0708
18.9857,21.2132,59.8012
19.1971,21.3688,59.4341
19.3573,21.4902,59.1524
19.4951,21.5779,58.927
19.56,21.594,58.846
19.6313,21.6598,58.7089
19.6513,21.6833,58.6654
19.5789,21.7379,58.6832
19.3762,21.6941,58.9298
19.1834,21.5785,59.2381
19.0179,21.4509,59.5312
18.9872,21.5103,59.5025
18.9291,21.5614,59.5095
18.5203,21.4285,60.0513
18.3085,21.3914,60.3001
17.9723,21.1201,60.9076
17.7726,20.9512,61.2762
17.9556,21.0577,60.9867
17.9022,21.0331,61.0647
17.9933,21.2318,60.7749
34.4274,25.4757,40.0968
34.6253,25.5803,39.7944
34.6792,25.6701,39.6507
34.6879,25.7708,39.5412
34.6649,25.8543,39.4809
34.6226,25.9328,39.4446
34.52,25.9986,39.4814
34.4144,26.0673,39.5184
34.3635,26.1484,39.4881
34.3783,26.2122,39.4095
34.4811,26.2833,39.2356
34.5908,26.3393,39.0699
34.7033,26.3948,38.902
34.8264,26.4483,38.7253
34.9196,26.5037,38.5767
35.0096,26.5367,38.4537
34.9658,26.5561,38.4781
34.7861,26.5407,38.6732
34.2567,26.41,39.3333
32.8764,26.0141,41.1095
31.0262,25.4716,43.5023
29.3454,25.006,45.6486
28.1588,24.6889,47.1522
27.3466,24.4734,48.18
26.9572,24.4006,48.6422
26.8825,24.4123,48.7052
26.8191,24.439,48.7419
26.7824,24.4496,48.7679
26.766,24.4864,48.7476
26.6295,24.4619,48.9085
26.4151,24.3638,49.2211
26.0971,24.2235,49.6793
25.4125,23.8857,50.7018
23.8725,22.7565,53.3711
23.0239,22.1278,54.8483
24.2776,23.3606,52.3618
23.7413,23.2519,53.0067
21.5173,21.7378,56.7449
21.4924,22.0141,56.4935
21.8579,22.5474,55.5946
21.4016,22.3641,56.2343
19.6067,20.9745,59.4189
18.6898,20.2518,61.0584
18.6515,20.3183,61.0302
18.6722,20.4971,60.8307
20.0958,21.935,57.9692
21.4704,23.3336,55.196
21.1558,23.2662,55.5781
20.742,23.1172,56.1409
20.1159,22.6986,57.1855
17.7852,20.7786,61.4362
16.9588,20.1132,62.928
17.1966,20.3484,62.4549
17.7663,20.8649,61.3688
18.8521,21.9264,59.2215
17.4054,20.79,61.8046
16.8552,20.4512,62.6936
16.8165,20.5114,62.6721
17.4412,21.1182,61.4406
17.0151,20.8528,62.1321
23.6826,21.0891,55.2283
23.5821,21.2417,55.1763
23.4356,21.3688,55.1956
23.2786,21.4699,55.2515
23.1182,21.5642,55.3176
23.0655,21.6683,55.2661
23.0642,21.7921,55.1436
23.1254,21.9266,54.948
23.1788,22.0672,54.754
23.2198,22.19,54.5903
23.1411,22.2778,54.5811
23.0603,22.3392,54.6005
22.9886,22.3901,54.6214
22.9014,22.4404,54.6581
22.8345,22.4895,54.676
22.7406,22.5413,54.7181
22.6972,22.5895,54.7133
22.6656,22.6391,54.6953
22.6509,22.684,54.6651
22.7116,22.7332,54.5551
22.7071,22.7757,54.5172
22.5743,22.7557,54.67
22.2582,22.6604,55.0814
21.8874,22.548,55.5646
21.6321,22.4899,55.8779
21.4613,22.485,56.0537
21.3553,22.5039,56.1408
21.2808,22.5356,56.1836
21.2334,22.5693,56.1972
21.2714,22.6221,56.1065
21.3513,22.712,55.9367
21.4768,22.8262,55.6969
21.5396,22.8918,55.5686
21.5349,22.9148,55.5503
21.5058,22.9003,55.5939
21.3194,22.8312,55.8494
21.1594,22.7623,56.0783
21.0443,22.7275,56.2282
20.9629,22.7123,56.3248
21.0067,22.7438,56.2495
21.0507,22.8028,56.1465
21.1119,22.8863,56.0018
21.129,22.9287,55.9423
21.0561,22.9372,56.0067
20.8743,22.8721,56.2535
20.5584,22.7429,56.6988
20.1968,22.5926,57.2106
19.8965,22.4567,57.6468
19.8022,22.4251,57.7726
19.9184,22.4946,57.587
19.9914,22.5416,57.4669
20.0084,22.5266,57.465
20.3229,22.7337,56.9434
20.2614,22.734,57.0047
20.0829,22.6508,57.2664
19.8222,22.4631,57.7147
19.7695,22.4357,57.7948
19.0299,21.9282,59.0419
18.6627,21.6989,59.6384
18.7362,21.8381,59.4257
31.2586,24.9149,43.8264
31.451,25.0223,43.5268
31.6001,25.0949,43.3049
31.6557,25.1433,43.201
31.6606,25.1698,43.1697
31.6369,25.1965,43.1666
31.6225,25.1843,43.1932
31.5742,25.1967,43.2291
31.4998,25.2237,43.2765
31.4684,25.2339,43.2977
31.4623,25.2677,43.27
31.4965,25.2851,43.2184
31.507,25.2761,43.217
31.4876,25.2274,43.285
31.4306,25.1763,43.3931
31.308,25.1359,43.5561
31.1307,25.1115,43.7578
30.9554,25.1114,43.9332
30.8689,25.1291,44.002
30.9544,25.1549,43.8907
31.0492,25.1378,43.813
31.0801,25.1128,43.8071
30.9717,25.0715,43.9568
30.7176,24.9923,44.29
30.4243,24.8822,44.6935
30.1127,24.7815,45.1059
29.7568,24.7038,45.5393
29.3597,24.6396,46.0008
28.9758,24.5887,46.4355
28.652,24.5119,46.8361
28.3996,24.4215,47.1789
28.3548,24.3791,47.2661
28.3963,24.3805,47.2232
28.4207,24.3814,47.1979
28.3526,24.3732,47.2742
28.3171,24.3807,47.3022
28.2851,24.3915,47.3234
28.1916,24.3871,47.4213
28.1083,24.3811,47.5106
27.9833,24.3726,47.6442
27.9172,24.3881,47.6947
27.9027,24.3974,47.6999
27.9257,24.4038,47.6706
27.9159,24.3805,47.7037
27.8641,24.3524,47.7835
27.7952,24.3457,47.8592
27.5466,24.2901,48.1634
27.2805,24.2329,48.4866
27.1336,24.2038,48.6627
27.0922,24.2267,48.6811
27.0363,24.2395,48.7242
27.0529,24.2592,48.6878
27.1036,24.2999,48.5965
27.0956,24.3317,48.5727
27.1048,24.3434,48.5518
27.1273,24.3531,48.5196
27.0981,24.3283,48.5736
27.0477,24.2773,48.675
27.1212,24.273,48.6058
27.2103,24.2877,48.5019
26.2579,23.2439,50.4982
26.1518,23.2655,50.5827
25.9532,23.2727,50.7741
25.7343,23.2854,50.9804
25.508,23.3045,51.1875
25.3567,23.3204,51.3228
25.1958,23.3389,51.4653
25.0563,23.3578,51.5858
24.9391,23.377,51.6839
24.811,23.3996,51.7894
24.7245,23.402,51.8735
24.6017,23.3981,52.0002
24.4763,23.3972,52.1266
24.3235,23.3801,52.2964
24.161,23.3487,52.4903
24.0139,23.3242,52.662
23.8645,23.2938,52.8417
23.7647,23.2821,52.9532
23.6896,23.2841,53.0263
23.5569,23.254,53.1891
23.3682,23.1912,53.4405
23.1076,23.1231,53.7693
22.8975,23.0807,54.0218
22.7092,23.0628,54.228
22.4776,23.0258,54.4967
22.2459,22.9465,54.8076
21.9519,22.8498,55.1983
21.6136,22.7271,55.6593
21.2467,22.5688,56.1845
20.8344,22.4046,56.761
20.4418,22.2534,57.3048
20.0717,22.1057,57.8226
19.7574,21.9807,58.2619
19.6096,21.9427,58.4477
19.4186,21.9002,58.6812
19.1937,21.8142,58.9921
19.0451,21.7634,59.1915
18.95,21.7577,59.2923
18.9573,21.7816,59.261
18.8578,21.7716,59.3706
18.77,21.7742,59.4558
18.5813,21.6934,59.7254
18.3398,21.6045,60.0557
18.1966,21.5509,60.2525
17.9954,21.49,60.5146
17.885,21.4735,60.6415
17.7844,21.4562,60.7595
17.7153,21.4579,60.8268
17.7595,21.5069,60.7336
17.7693,21.568,60.6627
17.709,21.5632,60.7278
17.6626,21.5719,60.7654
17.6456,21.5999,60.7546
17.6774,21.6372,60.6855
17.6452,21.6586,60.6962
17.5606,21.6513,60.7881
17.4532,21.6261,60.9208
17.4065,21.6096,60.9839
17.3705,21.6054,61.0241
17.3568,21.6159,61.0273
30.7767,24.2396,44.9837
30.3324,24.1135,45.5541
29.5638,23.8452,46.5911
28.7722,23.5431,47.6847
27.9911,23.2328,48.7761
27.2615,22.9765,49.762
26.7585,22.83,50.4115
26.3785,22.7522,50.8693
26.1293,22.7183,51.1524
25.9202,22.7001,51.3797
25.8003,22.7084,51.4913
25.7521,22.7256,51.5223
25.6764,22.7449,51.5787
25.7251,22.8434,51.4315
25.9484,23.0932,50.9583
26.0794,23.3288,50.5918
25.8221,23.3557,50.8221
25.1355,23.1119,51.7526
24.5073,22.8387,52.654
24.2667,22.8135,52.9198
23.9626,22.7797,53.2577
23.6263,22.7109,53.6628
23.5987,22.7963,53.605
23.6229,22.943,53.4342
23.8714,23.175,52.9536
24.6364,23.6556,51.708
25.3028,24.105,50.5922
25.2615,24.2204,50.5181
24.138,23.8178,52.0442
22.6222,23.132,54.2458
21.5107,22.5856,55.9036
20.9927,22.3188,56.6885
20.7804,22.2172,57.0024
20.6743,22.177,57.1487
20.7022,22.1985,57.0993
20.8944,22.2869,56.8187
21.2925,22.4454,56.2621
21.7127,22.6049,55.6824
21.8776,22.7039,55.4185
21.8161,22.7187,55.4651
21.6875,22.6933,55.6192
21.6306,22.689,55.6805
21.6767,22.7192,55.6041
21.6818,22.7775,55.5407
21.543,22.7682,55.6888
21.4336,22.7551,55.8113
21.4959,22.7918,55.7123
21.7331,22.8866,55.3803
22.0786,23.0075,54.9139
22.3674,23.1134,54.5192
22.485,23.1671,54.3479
22.5714,23.205,54.2236
22.58,23.2334,54.1866
22.5604,23.2533,54.1862
22.5309,23.2519,54.2172
22.6927,23.3286,53.9788
22.9277,23.3946,53.6777
23.0796,23.4337,53.4867
23.1806,23.4614,53.3579
23.1647,23.4719,53.3633
