13.2827,19.6593,67.058
13.3234,19.7398,66.9368
13.4162,19.8004,66.7834
13.4774,19.84,66.6826
13.4927,19.9102,66.597
13.647,19.9643,66.3886
13.6832,19.9975,66.3194
13.7517,19.9805,66.2678
13.7607,20.0136,66.2257
13.8012,20.0501,66.1487
13.8714,20.123,66.0056
13.9522,20.2221,65.8257
14.0638,20.2597,65.6765
14.2359,20.3492,65.4149
14.33,20.4708,65.1991
14.4588,20.5549,64.9863
14.5301,20.6081,64.8618
14.6766,20.6086,64.7148
14.7605,20.7014,64.5382
14.8248,20.7267,64.4485
14.917,20.7425,64.3406
15.0068,20.7658,64.2274
15.0928,20.8425,64.0647
15.1939,20.8792,63.9269
15.2811,20.9116,63.8073
15.3535,20.9839,63.6626
15.4459,21.0461,63.508
15.5114,21.1007,63.3879
15.6085,21.1101,63.2814
15.7288,21.198,63.0732
15.8543,21.2649,62.8808
15.9907,21.366,62.6433
16.0745,21.3861,62.5394
16.176,21.4116,62.4125
16.2926,21.4902,62.2172
16.4159,21.5665,62.0176
16.5211,21.6102,61.8687
16.6122,21.6434,61.7445
16.6987,21.694,61.6073
16.767,21.7131,61.5199
16.8829,21.7886,61.3285
16.9982,21.8434,61.1584
17.1074,21.8887,61.004
17.1704,21.9154,60.9141
17.2336,21.928,60.8384
17.2625,21.9286,60.8089
17.2951,21.941,60.7638
17.3531,21.9464,60.7005
17.4469,21.9829,60.5702
17.4934,22.0012,60.5054
17.5889,22.044,60.3671
17.6885,22.1113,60.2002
17.7289,22.1289,60.1422
17.7744,22.1427,60.0829
17.8642,22.1612,59.9746
17.8919,22.1743,59.9339
18.0139,22.2126,59.7735
18.0528,22.2355,59.7117
18.1024,22.2585,59.6392
18.1256,22.2742,59.6002
13.6952,20.4521,65.8527
13.8215,20.5252,65.6533
13.9835,20.619,65.3975
14.1063,20.7022,65.1915
14.2304,20.7655,65.0042
14.2351,20.7879,64.977
14.3826,20.8584,64.759
14.5045,20.9168,64.5787
14.628,20.9894,64.3826
14.7424,21.0418,64.2159
14.8728,21.0988,64.0283
14.9545,21.1508,63.8947
15.032,21.1908,63.7771
15.0823,21.2163,63.7014
15.0949,21.2326,63.6724
15.2471,21.2874,63.4655
15.2616,21.3048,63.4337
15.3645,21.3502,63.2853
15.4021,21.3729,63.225
15.5576,21.4358,63.0066
15.6488,21.4736,62.8776
15.7396,21.5201,62.7403
15.801,21.547,62.652
15.8734,21.5842,62.5424
16.0644,21.6499,62.2857
16.1184,21.6681,62.2135
16.1268,21.6735,62.1997
16.2353,21.7062,62.0585
16.328,21.7327,61.9393
16.3846,21.7596,61.8558
16.4796,21.8043,61.7161
16.5768,21.8413,61.5819
16.668,21.8831,61.4489
16.7843,21.9174,61.2982
16.8808,21.9553,61.1639
16.9903,22.0082,61.0015
17.0579,22.0268,60.9154
17.1421,22.0544,60.8035
17.2426,22.0911,60.6663
17.3237,22.1135,60.5628
17.401,22.1415,60.4575
17.4862,22.1712,60.3426
17.5485,22.18,60.2715
17.6208,22.2009,60.1783
17.6845,22.2254,60.0902
17.7442,22.2407,60.0152
17.8404,22.2624,59.8972
17.9009,22.2869,59.8121
17.9902,22.3152,59.6946
18.0875,22.3339,59.5786
18.1733,22.3686,59.458
18.2213,22.3795,59.3992
18.2852,22.4064,59.3084
18.3368,22.4126,59.2505
18.4079,22.4329,59.1592
18.5369,22.4706,58.9926
18.606,22.493,58.901
18.6555,22.5136,58.8309
18.7289,22.5222,58.7489
18.7941,22.5398,58.6661
14.2482,20.5878,65.164
14.3286,20.639,65.0323
14.4397,20.7023,64.8579
14.5128,20.7541,64.7331
14.554,20.7824,64.6636
14.6048,20.8089,64.5863
14.6939,20.8506,64.4554
14.7214,20.874,64.4046
14.7697,20.9056,64.3247
14.8113,20.9355,64.2532
14.8557,20.9711,64.1732
14.9616,21.0094,64.029
15.0189,21.041,63.9401
15.0799,21.08,63.8401
15.1864,21.1393,63.6744
15.2905,21.185,63.5245
15.3658,21.2296,63.4046
15.4414,21.2608,63.2979
15.5118,21.3015,63.1867
15.6229,21.3534,63.0237
15.7101,21.4028,62.8871
15.8015,21.4424,62.7561
15.8842,21.4873,62.6285
15.9556,21.5233,62.5211
16.0578,21.5532,62.389
16.1201,21.5788,62.3011
16.179,21.6082,62.2128
16.2666,21.6529,62.0805
16.3885,21.692,61.9196
16.4662,21.7168,61.8169
16.5546,21.7631,61.6824
16.6021,21.771,61.6269
16.6927,21.8189,61.4884
16.7988,21.8605,61.3407
16.86,21.8895,61.2505
16.898,21.8995,61.2025
16.9867,21.9304,61.0828
17.0968,21.9725,60.9307
17.1835,22.0001,60.8164
17.2405,22.0225,60.7369
17.303,22.0496,60.6474
17.4355,22.1007,60.4638
17.5387,22.1457,60.3156
17.6147,22.1892,60.1962
17.6735,22.2075,60.119
17.7715,22.244,59.9846
17.8085,22.2524,59.9391
17.8568,22.2665,59.8767
17.8917,22.2742,59.8341
17.9767,22.3016,59.7217
18.0318,22.3123,59.6559
18.0641,22.3153,59.6207
18.1266,22.3381,59.5353
18.2007,22.3706,59.4287
18.2567,22.3854,59.3579
18.3208,22.4116,59.2677
18.3537,22.4146,59.2317
18.4096,22.4233,59.1671
18.4842,22.4472,59.0686
18.5409,22.4656,58.9935
14.439,19.784,65.7769
14.4269,19.8571,65.716
14.4993,19.9458,65.5549
14.5249,20.0185,65.4567
14.5641,20.0903,65.3456
14.6012,20.1461,65.2527
14.6916,20.2068,65.1016
14.6779,20.2563,65.0658
14.6693,20.2867,65.0439
14.6788,20.3196,65.0016
14.6978,20.3545,64.9477
14.817,20.4279,64.755
14.9008,20.4677,64.6315
14.9751,20.5147,64.5102
15.074,20.5738,64.3521
15.122,20.6118,64.2662
15.1832,20.6479,64.1689
15.2413,20.6814,64.0773
15.2965,20.7285,63.975
15.4141,20.7871,63.7988
15.5135,20.8331,63.6534
15.5979,20.8737,63.5284
15.6742,20.9207,63.4051
15.8083,20.9833,63.2085
15.8855,21.0447,63.0698
15.981,21.1088,62.9102
16.0882,21.1846,62.7272
16.2009,21.2537,62.5454
16.29,21.3168,62.3932
16.3766,21.3647,62.2587
16.4603,21.4207,62.119
16.5433,21.4666,61.9902
16.6635,21.5211,61.8154
16.7369,21.5711,61.692
16.8131,21.61,61.5768
16.8916,21.6425,61.4659
17.0247,21.7066,61.2687
17.1072,21.7451,61.1477
17.1802,21.7922,61.0276
17.2745,21.8296,60.8959
17.3328,21.8559,60.8113
17.4282,21.878,60.6938
17.481,21.8981,60.6208
17.5223,21.9146,60.5631
17.5635,21.9169,60.5196
17.6441,21.9351,60.4209
17.6776,21.9428,60.3796
17.7461,21.9727,60.2812
17.7744,21.9813,60.2443
17.8182,22.0009,60.181
17.8732,22.0166,60.1102
17.9051,22.0222,60.0727
17.9799,22.0634,59.9567
18.0448,22.089,59.8662
18.1196,22.1082,59.7721
18.147,22.1076,59.7455
18.1453,22.0942,59.7605
18.003,21.9848,60.0122
18.0286,22.0113,59.9601
18.1334,22.0617,59.8049
13.8749,20.6412,65.4839
14.009,20.7179,65.2731
14.1679,20.8036,65.0284
14.2708,20.8615,64.8677
14.3876,20.9314,64.6811
14.4868,20.9886,64.5247
14.5738,21.0309,64.3953
14.7223,21.0927,64.1849
14.8038,21.1458,64.0504
14.8731,21.1888,63.9381
14.9697,21.2306,63.7997
15.0403,21.2544,63.7053
15.1104,21.2945,63.5952
15.2057,21.3366,63.4577
15.2671,21.3609,63.372
15.3532,21.3998,63.247
15.5548,21.489,62.9562
15.6467,21.529,62.8243
15.7876,21.5993,62.6131
15.8961,21.6404,62.4635
16.0178,21.6844,62.2977
16.1034,21.7207,62.1758
16.2059,21.7575,62.0366
16.2923,21.7966,61.9111
16.4166,21.8421,61.7413
16.5662,21.8912,61.5426
16.6652,21.927,61.4078
16.7844,21.9722,61.2434
16.8717,21.9976,61.1306
17.0114,22.0546,60.934
17.1037,22.0831,60.8131
17.1893,22.1162,60.6946
17.2579,22.1415,60.6006
17.3267,22.1661,60.5073
17.4829,22.2155,60.3016
17.5485,22.2371,60.2144
17.6339,22.262,60.1042
17.7123,22.2892,59.9986
17.8011,22.3232,59.8757
17.8221,22.3274,59.8506
17.8856,22.3439,59.7705
17.938,22.3671,59.6949
18.0053,22.3894,59.6052
18.1443,22.4284,59.4274
18.4731,22.5308,58.9961
18.264,22.4626,59.2735
18.3419,22.4829,59.1753
18.4196,22.5023,59.0781
18.44,22.5111,59.0489
18.5112,22.5305,58.9583
18.5748,22.5465,58.8786
18.63,22.5594,58.8106
18.7136,22.5843,58.7021
18.7715,22.597,58.6315
18.8413,22.6191,58.5397
18.905,22.6371,58.458
18.998,22.6549,58.3472
19.0528,22.6753,58.2719
19.1175,22.6939,58.1886
19.1703,22.7076,58.1221
16.7013,20.1124,63.1863
16.6057,20.106,63.2883
16.6118,20.1199,63.2683
16.6154,20.1345,63.2501
16.6454,20.1503,63.2042
16.5183,20.067,63.4147
16.4821,20.0521,63.4659
16.4494,20.0514,63.4992
16.3633,20.0347,63.602
16.2893,20.0173,63.6935
16.2109,20.006,63.7831
16.1527,19.9903,63.857
16.077,19.9709,63.9522
16.089,20.0102,63.9007
16.0286,20.0222,63.9491
15.965,20.0116,64.0234
16.0683,20.0836,63.8481
16.0573,20.1079,63.8348
16.029,20.1188,63.8522
16.0463,20.148,63.8057
16.006,20.1363,63.8577
16.136,20.209,63.6551
16.1184,20.2091,63.6725
16.09,20.2268,63.6831
16.0536,20.226,63.7204
16.1733,20.3004,63.5263
16.1851,20.3211,63.4938
16.1887,20.3284,63.483
16.2443,20.3698,63.3859
16.3259,20.4266,63.2475
16.3669,20.4659,63.1673
16.2631,20.4318,63.3051
16.3027,20.4645,63.2328
16.4206,20.5184,63.0609
16.7059,20.6419,62.6522
16.6184,20.5889,62.7927
16.4237,20.5085,63.0678
16.6633,20.6369,62.6998
16.7849,20.7145,62.5006
16.7215,20.6978,62.5808
16.8054,20.756,62.4386
16.8892,20.7928,62.318
16.9968,20.8447,62.1585
17.0491,20.8923,62.0586
17.059,20.9239,62.0171
17.0087,20.926,62.0653
17.0589,20.9713,61.9699
17.0078,20.9567,62.0355
17.0921,20.9942,61.9137
17.0974,21.0008,61.9017
17.0168,20.9895,61.9937
17.0675,21.0126,61.9199
17.1529,21.0263,61.8207
17.2964,21.1065,61.5971
17.3277,21.1549,61.5174
17.3566,21.1801,61.4633
17.4303,21.197,61.3727
17.4425,21.1858,61.3717
17.5058,21.1846,61.3096
17.6666,21.2295,61.1039
13.2426,19.7504,67.0069
13.3478,19.834,66.8182
13.3907,19.8913,66.718
13.4771,19.9719,66.551
13.5561,20.0388,66.4051
13.6163,20.0819,66.3017
13.6629,20.1324,66.2047
13.6941,20.1689,66.137
13.7296,20.1897,66.0807
13.8483,20.2583,65.8934
14.6731,20.6985,64.6284
14.1524,20.4265,65.4211
14.4913,20.5814,64.9272
14.8312,20.7284,64.4404
15.8741,21.213,62.9129
16.4299,21.4817,62.0884
15.1372,20.9261,63.9367
14.9316,20.8382,64.2302
15.0271,20.9042,64.0686
14.9426,20.8925,64.1649
15.0083,20.9391,64.0525
15.0594,20.9819,63.9587
15.1903,21.0461,63.7637
15.239,21.0738,63.6872
15.343,21.1198,63.5372
15.413,21.1546,63.4324
15.5772,21.2308,63.192
15.6889,21.2754,63.0357
15.6973,21.2862,63.0165
15.698,21.3063,62.9957
15.6784,21.2851,63.0365
15.8241,21.3246,62.8513
15.9934,21.3952,62.6114
16.146,21.4805,62.3735
16.0107,21.4247,62.5646
16.1859,21.5134,62.3007
16.1411,21.4869,62.372
16.2207,21.5258,62.2535
16.3662,21.5919,62.0418
16.3277,21.581,62.0914
16.3967,21.612,61.9913
16.4618,21.6414,61.8968
16.5586,21.6853,61.7561
16.711,21.7535,61.5355
16.7193,21.753,61.5277
16.8366,21.8025,61.3609
16.9879,21.8547,61.1574
17.3575,21.9781,60.6644
17.6532,22.0862,60.2606
17.6504,22.0869,60.2627
17.3185,21.9671,60.7144
17.2298,21.9392,60.8311
17.3359,21.992,60.6721
17.3939,22.0224,60.5837
17.47,22.0512,60.4788
17.5424,22.071,60.3866
17.6347,22.0859,60.2794
17.6911,22.1086,60.2003
17.8278,22.1605,60.0117
17.9763,22.2161,59.8076
18.0686,22.3983,59.5331
18.5206,22.5037,58.9757
18.7116,22.5587,58.7298
18.9693,22.6409,58.3898
19.1971,22.696,58.1069
18.7957,22.6127,58.5916
17.9197,22.4093,59.6709
18.3609,22.4955,59.1436
18.3638,22.5384,59.0978
17.6969,22.4194,59.8837
17.5446,22.3852,60.0702
17.9074,22.4987,59.5939
19.7002,22.8551,57.4446
20.2234,22.9881,56.7886
21.4378,23.189,55.3732
22.3598,23.3877,54.2525
22.5072,23.4826,54.0102
22.9383,23.6856,53.3761
23.8123,23.8,52.3876
23.1983,23.6718,53.13
22.4617,23.4552,54.0831
20.9226,23.3116,55.7658
19.0862,22.9037,58.0101
16.974,22.3382,60.6877
17.1178,22.3797,60.5025
17.3439,22.4775,60.1786
17.417,22.4953,60.0877
17.5131,22.5254,59.9615
17.6888,22.5879,59.7232
17.7753,22.6239,59.6007
17.8984,22.6803,59.4213
17.884,22.6428,59.4732
17.9241,22.6369,59.439
17.9632,22.643,59.3938
18.4937,22.7974,58.7089
18.5401,22.8427,58.6172
18.2698,22.7488,58.9814
18.2692,22.7033,59.0275
18.3823,22.7369,58.8808
18.3662,22.7147,58.9191
18.4399,22.7346,58.8255
18.498,22.7536,58.7484
18.5712,22.7512,58.6776
18.6117,22.7509,58.6374
18.6977,22.7719,58.5304
18.7635,22.7933,58.4433
18.8142,22.8006,58.3852
18.948,22.8423,58.2097
18.9852,22.8557,58.1591
19.0826,22.8987,58.0187
19.0697,22.8678,58.0626
19.158,22.8772,57.9648
19.2261,22.8761,57.8977
19.23,22.855,57.915
19.2626,22.8671,57.8702
19.3323,22.8954,57.7723
19.4174,22.9394,57.6432
19.5159,22.9655,57.5186
19.5678,22.967,57.4652
19.5692,22.9516,57.4791
13.6323,19.5224,66.8453
13.6943,19.6056,66.7001
13.7545,19.6954,66.5502
13.825,19.7738,66.4012
13.8546,19.85,66.2955
13.9425,19.9277,66.1298
13.9873,19.987,66.0257
14.0228,20.0435,65.9337
14.0331,20.0948,65.8721
14.0444,20.1489,65.8066
14.1323,20.2129,65.6548
14.1826,20.2574,65.5601
14.2326,20.305,65.4625
14.2951,20.3483,65.3566
14.4291,20.4058,65.1651
14.542,20.4717,64.9863
14.6731,20.5803,64.7467
14.819,20.6681,64.5128
14.9454,20.7468,64.3078
15.1062,20.8385,64.0552
15.2096,20.9245,63.8659
15.3122,20.9903,63.6976
15.4071,21.0728,63.5201
15.5138,21.1159,63.3704
15.6554,21.1749,63.1697
15.7724,21.2329,62.9946
15.8847,21.2973,62.818
15.9923,21.3545,62.6532
16.1728,21.4089,62.4183
16.2528,21.4662,62.281
16.3503,21.5276,62.122
16.4457,21.5844,61.97
16.5315,21.6409,61.8276
16.6474,21.706,61.6466
16.7534,21.768,61.4787
16.8446,21.8069,61.3485
16.9242,21.8513,61.2244
16.9979,21.8911,61.111
17.0985,21.9244,60.9771
17.1501,21.9353,60.9146
17.2214,21.9647,60.8139
17.2959,22.0073,60.6968
17.3599,22.0393,60.6008
17.4687,22.0724,60.4589
17.5555,22.1147,60.3298
17.6352,22.1491,60.2157
17.7173,22.1835,60.0993
17.8224,22.2229,59.9547
17.9171,22.2773,59.8055
18.0023,22.2917,59.706
18.0684,22.3146,59.617
18.1457,22.3363,59.518
18.2662,22.3702,59.3636
18.3259,22.4075,59.2667
18.3783,22.4331,59.1886
18.435,22.461,59.104
18.4921,22.486,59.0219
18.585,22.5154,58.8996
18.6368,22.5375,58.8256
18.6783,22.5501,58.7716
12.8965,18.393,68.7105
12.8587,18.4141,68.7272
12.8611,18.4495,68.6894
12.8792,18.4755,68.6454
12.8611,18.4791,68.6598
12.7965,18.4723,68.7312
12.8094,18.5004,68.6902
12.8212,18.549,68.6298
12.8559,18.6173,68.5268
12.9255,18.7061,68.3684
13.0644,18.8212,68.1144
13.1198,18.9103,67.97
13.1342,18.9948,67.871
13.113,19.0711,67.8159
13.114,19.1592,67.7268
13.1567,19.2434,67.5999
13.2325,19.3181,67.4495
13.295,19.3997,67.3053
13.403,19.4704,67.1266
13.4975,19.5454,66.9571
13.5484,19.6034,66.8482
13.5971,19.6522,66.7507
13.6526,19.7129,66.6345
13.7154,19.7749,66.5097
13.8157,19.8336,66.3507
13.8626,19.8826,66.2548
13.9012,19.9323,66.1666
13.9725,19.989,66.0385
14.0415,20.0632,65.8953
14.1486,20.1429,65.7085
14.2229,20.216,65.5611
14.3173,20.2886,65.394
14.4084,20.3746,65.217
14.5124,20.4614,65.0262
14.6006,20.5355,64.8639
14.7058,20.6177,64.6764
14.786,20.6797,64.5343
14.8664,20.7398,64.3938
14.9679,20.8065,64.2256
15.042,20.8471,64.1109
15.0998,20.8813,64.0188
15.1309,20.9076,63.9614
15.1626,20.9372,63.9001
15.2565,20.9767,63.7668
15.323,21.0182,63.6587
15.3917,21.0583,63.5501
15.4627,21.1,63.4373
15.5206,21.1511,63.3282
15.6257,21.2069,63.1673
15.7407,21.275,62.9843
15.9434,21.3975,62.6592
16.0701,21.4573,62.4725
16.1885,21.5199,62.2915
16.1672,21.5179,62.3149
16.2712,21.5789,62.1499
16.3864,21.6372,61.9764
16.4768,21.6698,61.8534
16.5689,21.7117,61.7194
16.6297,21.7403,61.63
16.7231,21.7861,61.4908
13.3376,19.5964,67.066
13.461,19.7043,66.8347
13.4938,19.7678,66.7384
13.5577,19.8465,66.5958
13.6212,19.9269,66.4519
13.675,19.9889,66.3361
13.7899,20.0532,66.1569
13.84,20.1033,66.0567
13.878,20.1438,65.9781
13.8924,20.1715,65.9361
13.9676,20.2246,65.8077
14.0226,20.2659,65.7115
14.1107,20.3272,65.5621
14.1896,20.379,65.4315
14.298,20.4463,65.2557
14.4358,20.5234,65.0409
14.5543,20.5948,64.8508
14.6721,20.6741,64.6538
14.7885,20.7403,64.4712
14.9084,20.806,64.2856
15.0667,20.9079,64.0254
15.1805,20.9998,63.8197
15.293,21.096,63.6111
15.406,21.1767,63.4172
15.5534,21.2462,63.2003
15.6587,21.2898,63.0515
15.7731,21.3468,62.8801
15.9026,21.4036,62.6938
16.041,21.4609,62.4981
16.1319,21.52,62.3481
16.2206,21.5643,62.2151
16.3218,21.6315,62.0467
16.421,21.6967,61.8823
16.5449,21.7428,61.7123
16.6064,21.7615,61.6322
16.6787,21.8013,61.5201
16.7434,21.8153,61.4412
16.799,21.8338,61.3672
16.8943,21.861,61.2447
16.9475,21.8877,61.1648
17.0479,21.9488,61.0033
17.1386,21.9993,60.8622
17.2268,22.0405,60.7328
17.3508,22.0748,60.5743
17.4295,22.0909,60.4796
17.5304,22.1236,60.346
17.6146,22.1817,60.2037
17.7022,22.2325,60.0652
17.8122,22.264,59.9238
17.8876,22.2908,59.8216
17.9379,22.3151,59.7471
17.9951,22.3305,59.6744
18.1011,22.3737,59.5252
18.1523,22.3891,59.4586
18.1862,22.3936,59.4203
18.2123,22.3788,59.4089
18.2395,22.3725,59.388
18.316,22.3865,59.2975
18.3472,22.3906,59.2622
18.3937,22.4096,59.1967
24.3417,23.4391,52.2192
24.2485,23.4503,52.3011
24.1072,23.459,52.4338
23.9349,23.4602,52.6048
23.7386,23.4449,52.8165
23.5373,23.4244,53.0383
23.3437,23.3967,53.2596
23.1405,23.3683,53.4911
22.957,23.3345,53.7085
22.7895,23.3053,53.9052
22.6646,23.2785,54.0569
22.5365,23.2515,54.212
22.4326,23.227,54.3404
22.3563,23.1955,54.4483
22.2961,23.1737,54.5302
22.3051,23.1552,54.5397
22.285,23.1383,54.5767
22.266,23.1252,54.6089
22.1905,23.1102,54.6993
22.0382,23.0756,54.8861
21.7679,23.0202,55.2119
21.3861,22.9346,55.6793
20.875,22.8416,56.2835
21.579,23.0085,55.4125
20.8129,22.8386,56.3485
21.4157,22.9835,55.6008
22.1424,23.1577,54.6998
22.5891,23.2685,54.1425
22.6616,23.3001,54.0384
22.651,23.3059,54.0431
22.5763,23.3043,54.1194
22.4647,23.2949,54.2404
22.3231,23.2726,54.4043
22.1543,23.2635,54.5822
21.9291,23.3169,54.7541
18.3656,22.3674,59.2671
18.2099,22.3341,59.456
19.5133,22.8209,57.6658
18.2906,22.4588,59.2506
18.2161,22.4438,59.3401
18.2032,22.4208,59.376
19.0501,22.6475,58.3025
21.1688,23.1445,55.6868
21.2686,23.1601,55.5713
20.5282,22.986,56.4858
20.7794,23.0139,56.2067
21.7825,23.1749,55.0426
22.4034,23.2663,54.3304
22.5836,23.2891,54.1273
22.6063,23.301,54.0928
22.5452,23.3016,54.1531
22.3904,23.29,54.3196
22.2408,23.2711,54.4881
21.7395,23.1992,55.0613
21.592,23.1705,55.2375
21.788,23.2341,54.978
21.0367,23.1422,55.8211
19.4945,22.9117,57.5938
18.309,22.6029,59.0881
20.2751,23.1074,56.6175
13.8748,20.6385,65.4867
13.9757,20.6935,65.3308
14.1323,20.7769,65.0908
14.2185,20.8407,64.9408
14.2832,20.8884,64.8284
14.3652,20.9638,64.671
14.4598,21.0248,64.5154
14.593,21.0878,64.3192
14.687,21.1509,64.1621
14.7822,21.2131,64.0047
14.8694,21.2773,63.8533
14.9903,21.3417,63.668
15.1249,21.4146,63.4605
15.2176,21.4517,63.3306
15.3109,21.4948,63.1942
15.4189,21.5408,63.0403
15.5283,21.5932,62.8784
15.6251,21.6359,62.739
15.7312,21.6988,62.57
15.8106,21.7242,62.4652
15.9054,21.7555,62.3391
16.0412,21.816,62.1428
16.1381,21.8664,61.9956
16.247,21.9062,61.8468
16.3313,21.931,61.7377
16.4538,21.9937,61.5525
16.5553,22.0115,61.4333
16.663,22.0608,61.2762
16.7332,22.0796,61.1872
16.8397,22.111,61.0493
17.0023,22.1601,60.8377
17.1053,22.2067,60.6881
17.2004,22.245,60.5547
17.2917,22.2748,60.4335
17.3743,22.299,60.3266
17.5293,22.3506,60.1201
17.5958,22.3825,60.0217
17.6801,22.4181,59.9019
17.7366,22.4287,59.8348
17.8351,22.4567,59.7083
17.8831,22.4861,59.6307
17.9275,22.5006,59.5719
17.9927,22.5134,59.4939
18.0412,22.5271,59.4317
18.1196,22.54,59.3404
18.1675,22.5427,59.2898
18.2258,22.55,59.2243
18.2715,22.5542,59.1742
18.2999,22.5555,59.1446
18.4203,22.5827,58.997
18.4609,22.5914,58.9477
18.4932,22.5962,58.9106
18.5403,22.5971,58.8626
18.5632,22.6061,58.8307
18.6357,22.6249,58.7393
18.6965,22.6436,58.6599
18.6937,22.6209,58.6854
18.7609,22.6406,58.5985
18.8269,22.6592,58.5139
18.892,22.6722,58.4358
13.8658,19.4882,66.646
14.1372,19.6805,66.1823
13.9723,19.6503,66.3774
13.8651,19.6366,66.4983
14.4233,19.9551,65.6217
14.8437,20.2453,64.911
14.3953,20.0752,65.5295
13.863,19.8708,66.2662
13.7307,19.8495,66.4199
13.7902,19.9167,66.293
13.663,19.8938,66.4432
13.7037,19.9656,66.3307
13.8112,20.053,66.1358
13.9067,20.1322,65.9611
14.0565,20.2438,65.6997
14.1693,20.3151,65.5156
14.2341,20.3802,65.3857
14.3174,20.4267,65.2559
14.4018,20.5118,65.0864
14.5271,20.5809,64.8919
14.5954,20.642,64.7626
14.6879,20.7045,64.6076
14.7788,20.7863,64.4349
14.8406,20.8311,64.3283
14.9762,20.8716,64.1523
15.0586,20.9582,63.9832
15.1261,21.002,63.8719
15.1547,21.0204,63.8249
15.2329,21.0408,63.7263
15.3432,21.1077,63.5491
15.3938,21.139,63.4671
15.4522,21.1541,63.3937
15.5204,21.2103,63.2692
15.6001,21.2523,63.1476
15.6753,21.2585,63.0662
15.7396,21.2828,62.9777
15.834,21.3099,62.8561
16.001,21.4001,62.5988
16.2376,21.5082,62.2542
16.2482,21.5098,62.242
16.184,21.5012,62.3148
16.2024,21.5151,62.2825
16.2642,21.5365,62.1993
16.469,21.6227,61.9084
16.6282,21.6891,61.6827
16.7215,21.7405,61.538
16.8936,21.8217,61.2847
17.0024,21.8836,61.1139
17.056,21.9086,61.0354
17.1034,21.9273,60.9693
17.1845,21.9645,60.851
17.1632,21.951,60.8857
17.1951,21.9747,60.8302
17.3021,22.0327,60.6651
17.4,22.0815,60.5185
17.3607,22.0802,60.5591
17.4475,22.1035,60.449
17.4699,22.1135,60.4166
17.473,22.0877,60.4393
17.516,22.1228,60.3612
13.867,20.9102,65.2228
13.985,20.9842,65.0308
14.1526,21.0983,64.7491
14.2614,21.166,64.5726
14.371,21.2197,64.4093
14.4657,21.2583,64.276
14.5824,21.3316,64.086
14.6737,21.3697,63.9567
14.741,21.4028,63.8562
14.7841,21.4295,63.7864
14.8292,21.4627,63.7081
14.8571,21.465,63.6779
14.9302,21.4824,63.5875
14.9871,21.5097,63.5033
15.0552,21.5515,63.3933
15.1024,21.5826,63.315
15.2,21.6409,63.159
15.3099,21.6721,63.018
15.4165,21.7271,62.8563
15.5213,21.7676,62.7111
15.6337,21.8222,62.5442
15.7311,21.8659,62.403
15.8824,21.9198,62.1977
15.9789,21.9696,62.0515
16.0986,22.0065,61.8949
16.1826,22.0377,61.7797
16.3085,22.0798,61.6117
16.4423,22.1303,61.4274
16.5214,22.172,61.3067
16.5923,22.2004,61.2073
16.6811,22.2324,61.0866
16.8188,22.2826,60.8987
16.9273,22.3183,60.7544
17.0396,22.3464,60.6141
17.1486,22.3923,60.4591
17.2639,22.4288,60.3074
17.3747,22.465,60.1603
17.4656,22.4893,60.0451
17.5881,22.5282,59.8837
17.6705,22.5424,59.7871
17.7656,22.5736,59.6607
17.8896,22.6045,59.506
17.9796,22.6287,59.3917
18.0624,22.6463,59.2914
18.1568,22.6805,59.1627
18.2172,22.6891,59.0937
18.3094,22.717,58.9736
18.358,22.7207,58.9214
18.4276,22.7464,58.826
18.4693,22.7513,58.7794
18.5509,22.779,58.6702
18.5973,22.7784,58.6243
18.6223,22.7833,58.5944
18.6496,22.7873,58.5632
18.6715,22.7907,58.5378
18.7493,22.8125,58.4382
18.8644,22.8388,58.2968
18.9227,22.8449,58.2324
18.9493,22.8514,58.1993
19.0188,22.8645,58.1167
13.0051,20.6032,66.3918
13.1578,20.6901,66.1521
13.2973,20.7753,65.9274
13.4474,20.8418,65.7108
13.5826,20.9094,65.5081
13.7034,20.9727,65.3238
13.8283,21.0466,65.1251
13.9708,21.1364,64.8928
14.1412,21.2321,64.6267
14.2357,21.2854,64.4789
14.3424,21.3347,64.3228
14.4496,21.3785,64.1719
14.5326,21.4273,64.0402
14.6167,21.4474,63.9359
14.7017,21.4994,63.7989
14.7731,21.5253,63.7016
14.8563,21.5666,63.577
14.933,21.5884,63.4787
14.9954,21.6109,63.3936
15.0931,21.6685,63.2384
15.1837,21.6997,63.1166
15.2769,21.737,62.9861
15.4155,21.7822,62.8023
15.5289,21.8465,62.6245
15.6369,21.8887,62.4744
15.7227,21.9177,62.3596
15.824,21.9625,62.2135
15.9533,21.998,62.0487
16.0435,22.0381,61.9184
16.1206,22.0571,61.8223
16.1872,22.0566,61.7562
16.2866,22.1081,61.6052
16.3914,22.136,61.4726
16.5058,22.1981,61.2961
16.5673,22.2119,61.2208
16.6284,22.2315,61.14
16.7117,22.2602,61.0281
16.7791,22.2699,60.951
16.8392,22.2967,60.8642
16.9184,22.3267,60.755
17.0073,22.3556,60.6371
17.0424,22.3559,60.6017
17.1473,22.3885,60.4642
17.2286,22.4137,60.3578
17.2805,22.4255,60.294
17.3162,22.428,60.2558
17.4261,22.4747,60.0992
17.5276,22.4957,59.9767
17.6457,22.5416,59.8127
17.7693,22.5805,59.6502
17.8524,22.6076,59.5399
17.976,22.6438,59.3803
18.0655,22.6661,59.2683
18.1102,22.6845,59.2053
18.1883,22.6977,59.114
18.2494,22.7132,59.0375
18.3538,22.7468,58.8994
18.447,22.7663,58.7866
18.5221,22.7917,58.6862
18.6294,22.8275,58.5431
21.2261,22.4655,56.3084
19.6931,21.7966,58.5103
18.1334,21.0509,60.8156
16.9808,20.4769,62.5423
15.9848,20.1052,63.91
15.6715,20.0882,64.2403
15.7233,20.1468,64.1299
16.0091,20.2726,63.7183
16.2307,20.3494,63.4199
16.4139,20.4032,63.1829
16.5779,20.3874,63.0348
16.7267,20.291,62.9823
18.052,20.9737,60.9743
18.5907,21.2409,60.1683
19.6174,21.7826,58.6001
19.2923,21.6374,59.0703
17.5135,20.7498,61.7367
16.228,20.1729,63.599
16.043,20.1087,63.8483
17.3494,20.7404,61.9102
20.0349,22.0728,57.8923
18.5683,21.3215,60.1102
17.9925,21.0714,60.9361
19.2858,21.7273,58.9869
20.5795,22.405,57.0155
19.8081,21.9987,58.1931
18.5001,21.3589,60.141
18.2003,21.2977,60.502
17.3943,20.882,61.7237
19.7504,22.217,58.0326
18.7808,21.669,59.5503
19.0606,21.8753,59.0642
17.1663,20.8762,61.9575
19.4878,22.0618,58.4503
22.2466,23.3525,54.4009
22.7284,23.4736,53.7981
23.1027,23.5862,53.3112
23.3817,23.6995,52.9188
22.8298,23.5154,53.6548
19.8953,22.1954,57.9093
18.5556,21.6409,59.8035
18.5115,21.7902,59.6984
17.2156,21.268,61.5163
17.1775,21.3347,61.4878
17.2283,21.3765,61.3952
17.8325,21.5876,60.5799
18.2101,21.6971,60.0928
18.0003,21.62,60.3797
17.5428,21.4509,61.0063
17.5606,21.5061,60.9333
17.6337,21.4779,60.8883
17.8535,21.4983,60.6482
17.9492,21.5186,60.5322
18.0934,21.5791,60.3275
18.262,21.6475,60.0905
18.3627,21.668,59.9693
18.6213,21.749,59.6297
18.5457,21.7273,59.727
18.4381,21.7084,59.8535
18.6101,21.7702,59.6197
22.9556,23.1363,53.9081
22.722,23.1093,54.1687
22.3796,23.0136,54.6068
21.9206,22.8761,55.2033
21.4886,22.7091,55.8022
21.8566,22.7415,55.4019
22.3107,22.8676,54.8217
22.6531,22.9165,54.4304
23.093,23.0849,53.8222
23.2502,23.1786,53.5712
23.3297,23.2095,53.4608
23.3621,23.2361,53.4018
23.4293,23.2651,53.3055
23.3262,23.2413,53.4325
23.3594,23.2515,53.3892
23.3456,23.2718,53.3826
23.3135,23.2867,53.3997
23.3245,23.3137,53.3618
23.2352,23.3278,53.4371
23.1428,23.3036,53.5536
23.1425,23.2954,53.5621
23.1296,23.2913,53.5791
23.0714,23.258,53.6706
23.1482,23.2943,53.5575
22.8099,23.209,53.9811
22.3458,23.0523,54.6018
22.0525,22.944,55.0035
22.0021,22.8855,55.1124
22.2011,22.9238,54.8751
22.6314,23.102,54.2666
22.8645,23.1619,53.9736
23.1367,23.2365,53.6268
23.1924,23.2573,53.5502
23.108,23.2429,53.649
22.9958,23.2226,53.7815
22.9404,23.1995,53.8601
22.6498,23.0391,54.3111
22.4649,22.9719,54.5632
22.3722,22.942,54.6858
22.3141,22.9615,54.7244
22.1908,22.9645,54.8448
21.1073,22.2973,56.5954
21.1886,22.3736,56.4378
21.4073,22.4957,56.097
21.3926,22.5251,56.0823
21.5894,22.668,55.7426
21.6623,22.7758,55.5619
21.6692,22.801,55.5298
21.3701,22.5682,56.0617
21.0683,22.3628,56.5689
21.5959,22.6959,55.7082
21.9657,22.8794,55.1549
21.923,22.8642,55.2128
22.1053,22.9899,54.9048
22.4688,23.233,54.2982
22.1359,23.033,54.8311
21.2678,22.5364,56.1958
20.7961,22.3191,56.8848
21.1323,22.5072,56.3605
21.5547,22.7739,55.6714
22.6284,23.1686,54.2029
22.4377,23.1249,54.4373
22.3383,23.1114,54.5503
22.435,23.1645,54.4005
22.5231,23.2157,54.2612
22.6999,23.2948,54.0054
22.7547,23.3345,53.9108
22.7766,23.3478,53.8756
22.8444,23.3622,53.7934
23.0588,23.4306,53.5107
23.3428,23.4916,53.1656
23.5975,23.5464,52.8561
23.7998,23.5752,52.625
23.9217,23.6053,52.473
23.9901,23.6188,52.3912
23.9116,23.5922,52.4962
23.6998,23.5272,52.773
23.3853,23.4448,53.1699
23.0577,23.3736,53.5687
22.7857,23.3136,53.9007
22.67,23.2819,54.0481
22.7343,23.3099,53.9557
22.6928,23.306,54.0012
22.3711,23.2105,54.4184
21.6834,22.9849,55.3317
21.2173,22.8404,55.9423
20.9278,22.7654,56.3068
17.4472,20.6686,61.8843
20.2548,22.5721,57.1731
19.6542,22.3855,57.9602
17.464,21.1579,61.3781
19.4907,22.4061,58.1032
17.9601,21.2638,60.7761
19.0142,21.8391,59.1467
21.1338,22.9336,55.9326
21.1866,22.8821,55.9313
20.9924,22.8319,56.1756
21.4619,23.1961,55.3421
20.4178,22.7623,56.8199
18.8914,21.9328,59.1758
19.2563,22.2007,58.5431
19.0112,22.0529,58.9359
18.4886,21.7291,59.7823
17.4817,21.1855,61.3328
17.6926,21.4683,60.8391
17.3568,21.3334,61.3098
17.4161,21.4366,61.1473
17.3701,21.4699,61.16
17.2752,21.4887,61.2361
17.3684,21.5457,61.0858
17.5041,21.603,60.8929
17.763,21.7309,60.5061
17.8461,21.7781,60.3758
18.0495,21.8707,60.0798
18.0401,21.8546,60.1053
18.096,21.8885,60.0155
17.8409,21.8166,60.3425
17.6405,21.799,60.5605
17.6567,21.8483,60.495
17.6963,21.9006,60.4031
14.3869,18.9711,66.642
14.3896,19.0218,66.5886
14.4073,19.0783,66.5144
14.4227,19.1441,66.4332
14.3489,19.1721,66.479
14.3157,19.2138,66.4705
14.3042,19.2536,66.4421
14.2443,19.2914,66.4643
14.2089,19.3539,66.4372
14.2492,19.4099,66.341
14.2473,19.4522,66.3005
14.3056,19.5039,66.1905
14.3679,19.5613,66.0709
14.4301,19.632,65.938
14.3739,19.6668,65.9593
14.2971,19.6838,66.0191
14.2838,19.7329,65.9833
14.3502,19.806,65.8438
14.3897,19.8653,65.7451
14.3535,19.8838,65.7626
14.3335,19.9203,65.7462
14.397,19.9724,65.6306
14.4633,20.0339,65.5028
14.5145,20.0834,65.4021
14.5596,20.1324,65.308
14.5842,20.1692,65.2467
14.6313,20.2205,65.1482
14.7228,20.2851,64.9921
14.7779,20.3385,64.8836
14.8235,20.3994,64.7771
14.859,20.4558,64.6852
14.9291,20.5025,64.5684
15.0519,20.5626,64.3855
15.1238,20.5975,64.2787
15.1604,20.6383,64.2012
15.1963,20.6702,64.1335
15.2349,20.7128,64.0524
15.3227,20.7903,63.8871
15.4061,20.81,63.7839
15.4407,20.8365,63.7228
15.5015,20.8727,63.6259
15.7537,20.9196,63.3267
15.8636,20.9337,63.2027
15.8399,20.9644,63.1957
15.9081,20.998,63.0939
15.927,21.0409,63.0321
15.9946,21.0875,62.9179
16.0505,21.1326,62.8169
16.1291,21.1762,62.6947
16.2213,21.2001,62.5786
16.2541,21.236,62.5099
16.3437,21.2844,62.3719
16.3547,21.319,62.3262
16.3938,21.3568,62.2494
16.4737,21.3934,62.1329
16.5386,21.4263,62.0351
16.6416,21.5002,61.8582
16.7013,21.5525,61.7462
16.7565,21.6214,61.6221
16.8104,21.6563,61.5333
13.9293,19.2629,66.8078
14.0372,19.3599,66.603
14.1644,19.4634,66.3723
14.1002,19.4841,66.4156
14.1106,19.5221,66.3673
14.092,19.5611,66.3469
14.0931,19.6286,66.2783
14.1445,19.7195,66.1359
14.1624,19.7861,66.0514
14.1729,19.8311,65.996
14.0982,19.8367,66.0652
14.1885,19.9371,65.8743
14.2512,19.991,65.7579
14.3059,20.0436,65.6504
14.3576,20.1043,65.5381
14.3447,20.1221,65.5333
14.3209,20.1186,65.5605
14.4409,20.1739,65.3852
14.5766,20.2481,65.1753
14.8928,20.4192,64.688
14.7992,20.3846,64.8162
14.7955,20.3771,64.8274
15.1571,20.5686,64.2743
15.2341,20.5832,64.1827
15.2096,20.5474,64.243
16.1462,21.0079,62.8459
16.2604,21.0445,62.6951
16.2406,21.0595,62.6999
16.0501,20.9939,62.956
16.2422,21.146,62.6118
16.0133,21.0344,62.9524
16.1208,21.1095,62.7696
16.1163,21.1172,62.7665
16.3538,21.2466,62.3995
16.1873,21.1951,62.6176
16.0752,21.1551,62.7697
16.1058,21.2004,62.6937
16.1482,21.2258,62.626
16.399,21.3441,62.2569
16.3743,21.3521,62.2736
16.1841,21.259,62.5569
16.5198,21.4113,62.0689
16.2965,21.3284,62.3752
16.3332,21.3648,62.302
16.6154,21.4864,61.8982
16.4037,21.3963,62.2
16.4579,21.416,62.1262
17.0296,21.6229,61.3474
17.2705,21.7194,61.0101
17.1747,21.6727,61.1527
17.442,21.7911,60.7669
17.5346,21.8095,60.6559
17.8496,21.9394,60.211
17.9555,21.9774,60.0671
18.3534,22.1325,59.514
17.8811,21.962,60.1569
17.8451,21.9483,60.2065
18.1629,22.0803,59.7568
18.2681,22.1397,59.5923
18.0104,22.0673,59.9223
17.7458,21.1181,61.1361
17.8944,21.1222,60.9834
17.8354,20.9936,61.171
18.4416,21.4518,60.1066
18.3885,21.4485,60.163
18.2946,21.3329,60.3725
18.0296,20.9454,61.025
18.9981,21.5282,59.4737
19.4024,21.8501,58.7475
19.3442,22.0176,58.6382
18.8051,21.8492,59.3457
17.9604,21.2249,60.8147
17.6617,20.8007,61.5376
18.8612,21.3922,59.7466
19.6897,21.8587,58.4517
20.0475,22.2605,57.692
19.4579,21.9625,58.5796
18.4937,21.1397,60.3665
19.783,21.7143,58.5027
20.3059,21.9081,57.786
21.0917,22.437,56.4713
20.6869,22.3991,56.914
20.0437,22.2446,57.7117
17.9728,21.0765,60.9507
18.8465,21.7927,59.3608
17.1232,20.8365,62.0403
17.4511,21.1017,61.4472
17.1063,20.8306,62.0631
17.5711,21.1152,61.3137
17.8133,21.249,60.9377
17.5891,21.0913,61.3196
18.0428,21.3073,60.6499
18.418,21.4551,60.1269
19.0477,21.8108,59.1415
19.091,21.8969,59.0121
18.9107,21.859,59.2303
18.6914,21.7022,59.6064
18.9971,21.9507,59.0521
18.5967,21.8026,59.6007
18.3242,21.723,59.9528
18.6861,21.985,59.3288
17.8974,21.4767,60.6259
17.9721,21.5452,60.4827
17.8076,21.5023,60.6901
17.7001,21.5372,60.7626
17.4665,21.418,61.1155
17.5668,21.5452,60.888
16.913,21.1706,61.9164
17.2653,21.3872,61.3475
17.697,21.6635,60.6395
17.3103,21.4123,61.2773
17.7059,21.6123,60.6818
17.5595,21.4968,60.9437
18.4036,21.9939,59.6025
17.4909,21.5001,61.009
17.442,21.4846,61.0733
17.9966,21.839,60.1644
17.2991,21.4732,61.2277
17.41,21.5324,61.0577
17.7387,21.6877,60.5737
16.7777,20.766,62.4563
16.6677,20.7833,62.549
16.4147,20.681,62.9042
16.13,20.5548,63.3152
15.9108,20.4859,63.6033
15.66,20.427,63.913
15.3471,20.3012,64.3517
15.0644,20.2033,64.7323
14.9035,20.1619,64.9345
14.7764,20.1299,65.0937
14.6464,20.0767,65.2769
14.5564,20.0474,65.3962
14.513,20.0241,65.4629
14.478,19.9889,65.533
14.4207,19.9317,65.6476
14.8857,20.2709,64.8434
17.0271,21.8441,61.1288
17.7749,22.2367,59.9883
16.9493,21.4462,61.6045
16.6034,21.037,62.3597
17.9244,21.7444,60.3311
17.0682,20.921,62.0109
17.8987,21.2387,60.8626
20.5484,22.6595,56.7921
21.2249,22.9169,55.8582
21.5108,22.9928,55.4965
21.7285,23.0303,55.2412
21.9284,23.0523,55.0193
22.1733,23.0805,54.7463
22.4027,23.1127,54.4846
22.6036,23.1312,54.2652
22.8123,23.1703,54.0173
22.9232,23.2036,53.8733
23.0129,23.2279,53.7593
23.0408,23.2397,53.7195
23.0523,23.2543,53.6934
23.0389,23.2602,53.7008
22.9584,23.2545,53.7871
22.8912,23.2355,53.8733
22.7371,23.2098,54.053
22.6105,23.2105,54.179
22.564,23.2316,54.2044
22.54,23.2529,54.2071
22.4208,23.2161,54.3631
22.3511,23.1941,54.4548
22.3561,23.1923,54.4516
22.3833,23.2087,54.4081
22.5176,23.2375,54.2449
22.6014,23.2531,54.1455
22.639,23.2863,54.0748
22.6895,23.2952,54.0153
22.6514,23.2698,54.0788
22.5751,23.2285,54.1964
22.4987,23.2255,54.2758
21.2307,22.5855,56.1838
21.9884,22.8804,55.1312
23.0419,23.3509,53.6072
23.2141,23.3813,53.4046
23.3043,23.4093,53.2864
23.3009,23.4324,53.2668
18.9739,22.1057,58.9205
18.9564,22.1399,58.9038
19.0785,22.279,58.6425
18.9142,22.1524,58.9334
18.3328,21.7568,59.9104
17.7153,21.3783,60.9064
17.3714,21.2063,61.4223
17.3964,21.2743,61.3293
17.7626,21.5307,60.7067
17.9585,21.6588,60.3827
18.0263,21.6568,60.3169
18.1925,21.7478,60.0597
18.574,21.9591,59.467
18.9031,22.1282,58.9687
19.1897,22.327,58.4833
18.7984,22.0831,59.1185
17.962,21.5627,60.4753
17.7353,21.4766,60.7881
17.9508,21.648,60.4012
17.5206,21.4046,61.0748
17.4357,21.3683,61.196
17.0558,21.1508,61.7934
16.93,21.0998,61.9702
17.1244,21.2561,61.6195
17.3736,21.4363,61.1901
17.9367,21.8145,60.2487
18.3966,22.097,59.5064
19.2539,22.5742,58.1719
19.6709,22.7748,57.5544
19.6155,22.7287,57.6558
19.313,22.5503,58.1367
19.3092,22.5323,58.1585
19.3623,22.5056,58.1321
19.5548,22.5516,57.8937
20.3142,22.8643,56.8216
20.974,23.1035,55.9226
21.2343,23.1682,55.5975
21.4578,23.2276,55.3147
21.5187,23.2378,55.2435
21.7283,23.3031,54.9686
21.9827,23.3679,54.6494
22.3487,23.4611,54.1903
22.5965,23.5168,53.8867
22.6388,23.5398,53.8214
22.392,23.5025,54.1055
21.735,23.3369,54.928
21.4151,23.2776,55.3073
21.2137,23.2319,55.5543
20.8301,23.0472,56.1226
19.79,22.5258,57.6842
19.9554,22.6389,57.4057
19.4599,22.4193,58.1208
21.186,23.3021,55.5119
20.8107,23.1415,56.0478
20.3503,22.9674,56.6823
18.9725,22.3006,58.727
18.4436,22.0236,59.5327
21.2812,23.4503,55.2685
21.5663,23.552,54.8817
21.439,23.477,55.084
27.228,24.287,48.485
27.2376,24.2815,48.4809
27.2051,24.2657,48.5292
27.1415,24.2404,48.6181
26.9449,24.178,48.8771
26.6343,24.1161,49.2495
26.3653,24.0504,49.5843
26.1365,24.0158,49.8477
25.8952,23.9863,50.1185
25.6295,23.9364,50.4341
25.3655,23.8834,50.751
25.0033,23.8227,51.174
24.5837,23.743,51.6733
24.161,23.6778,52.1611
23.797,23.6142,52.5888
23.6384,23.5891,52.7725
23.7106,23.6107,52.6787
23.8988,23.6563,52.4449
24.169,23.7355,52.0956
24.4741,23.8132,51.7127
24.6634,23.8744,51.4622
24.7209,23.8849,51.3942
24.687,23.8658,51.4472
24.7532,23.8506,51.3963
24.9409,23.8683,51.1908
25.1529,23.8989,50.9482
25.3139,23.9352,50.7508
25.3755,23.9512,50.6733
25.4004,23.9669,50.6327
25.4031,23.9822,50.6146
25.4029,23.9919,50.6052
25.3403,23.9897,50.67
25.228,23.9768,50.7952
25.1684,23.9543,50.8773
25.1027,23.9402,50.9571
24.9875,23.9078,51.1047
24.8569,23.8888,51.2544
24.7735,23.8933,51.3332
24.843,23.9027,51.2543
24.9046,23.9141,51.1813
24.8334,23.9038,51.2628
24.7855,23.9103,51.3042
24.662,23.8794,51.4586
24.4468,23.8113,51.742
24.2059,23.7468,52.0473
24.1354,23.7051,52.1594
24.1369,23.7067,52.1565
24.1467,23.7145,52.1388
24.152,23.716,52.132
24.1172,23.7177,52.1651
24.0814,23.7182,52.2004
24.0805,23.7181,52.2014
24.0782,23.7069,52.2148
24.0195,23.6844,52.2961
23.8631,23.6502,52.4867
23.4823,23.584,52.9338
23.0808,23.5004,53.4188
22.7732,23.4251,53.8016
22.6142,23.39,53.9958
22.4863,23.3568,54.1569
17.2968,21.5882,61.1151
17.2308,21.5596,61.2096
17.2256,21.5747,61.1997
17.2077,21.5919,61.2005
17.1735,21.5904,61.2361
17.1506,21.5982,61.2511
17.1856,21.643,61.1713
17.2458,21.6933,61.0608
17.2253,21.7211,61.0535
17.2027,21.7355,61.0618
17.1595,21.7378,61.1027
17.1226,21.7404,61.137
17.0192,21.6852,61.2956
17.0406,21.7105,61.2489
16.9568,21.6653,61.3779
16.9737,21.6787,61.3476
17.0785,21.7411,61.1804
17.1264,21.7469,61.1266
17.188,21.7754,61.0366
17.1808,21.7798,61.0395
17.1763,21.7917,61.032
17.2589,21.8317,60.9094
17.2643,21.8416,60.8941
17.3457,21.8853,60.769
17.4075,21.9108,60.6817
17.559,21.9913,60.4497
17.6871,22.041,60.2719
17.7298,22.0724,60.1977
17.7439,22.0928,60.1633
17.6629,22.062,60.2752
17.5798,22.0394,60.3808
17.6142,22.0501,60.3356
17.659,22.0803,60.2607
17.743,22.1255,60.1315
17.8473,22.1573,59.9954
17.9538,22.2021,59.8441
18.1166,22.2458,59.6376
18.1759,22.2587,59.5654
18.2913,22.3254,59.3833
18.328,22.3477,59.3243
18.3324,22.3606,59.3071
18.3566,22.3656,59.2778
18.3691,22.3704,59.2605
18.3711,22.3671,59.2618
18.4215,22.3751,59.2034
18.578,22.4546,58.9674
18.7037,22.5084,58.7879
18.6941,22.5106,58.7952
18.6278,22.4738,58.8984
18.6669,22.5046,58.8285
18.7656,22.5414,58.693
18.7449,22.5093,58.7458
18.8522,22.5579,58.5899
18.9043,22.5651,58.5305
18.9018,22.553,58.5453
19.0066,22.5994,58.394
19.0875,22.6445,58.2681
19.145,22.669,58.186
19.21,22.7012,58.0888
19.2728,22.7184,58.0087
23.066,23.453,53.481
23.0533,23.4529,53.4938
23.0284,23.4741,53.4974
22.8279,23.4589,53.7132
22.4328,23.3638,54.2034
22.0042,23.2495,54.7463
21.765,23.1568,55.0781
21.6605,23.1422,55.1973
21.5581,23.1464,55.2955
21.3105,23.1231,55.5664
20.9179,22.9894,56.0928
20.7536,22.9417,56.3047
20.8514,23.0057,56.1429
20.8845,23.0214,56.0941
20.8627,23.0267,56.1106
20.9019,23.0378,56.0604
20.986,23.0662,55.9477
21.2144,23.1517,55.6338
21.5429,23.2719,55.1852
21.9005,23.3886,54.7109
22.0892,23.4627,54.448
22.1717,23.5048,54.3235
22.1583,23.5077,54.334
22.1253,23.5007,54.374
22.1415,23.5051,54.3533
22.1698,23.5282,54.3019
22.2041,23.5592,54.2367
22.2322,23.5888,54.1791
22.3031,23.6288,54.0681
22.2851,23.6259,54.0891
22.3055,23.6266,54.0679
22.2835,23.6169,54.0996
22.2384,23.5868,54.1748
22.155,23.5186,54.3264
21.8416,23.3575,54.8009
21.8215,23.3314,54.8471
21.6658,23.2322,55.102
21.6155,23.2069,55.1776
21.5457,23.1866,55.2677
21.4318,23.1648,55.4034
21.3999,23.1803,55.4198
21.1593,23.0585,55.7822
21.0646,23.0313,55.904
20.9068,22.9676,56.1257
20.8516,22.9835,56.1649
20.5711,22.8743,56.5546
20.2365,22.7378,57.0257
20.0041,22.6436,57.3523
19.7191,22.5153,57.7656
19.7494,22.5725,57.6781
19.7945,22.6193,57.5862
19.7306,22.6018,57.6676
19.7528,22.6189,57.6283
19.6252,22.5664,57.8084
19.9122,22.7232,57.3645
20.023,22.7639,57.2131
19.9224,22.7051,57.3725
19.8459,22.6631,57.491
19.7474,22.6344,57.6182
19.6934,22.6148,57.6917
14.158,21.4161,64.4258
