20.6625,22.8767,56.4608
20.7176,22.9032,56.3792
20.7457,22.8826,56.3717
20.7358,22.878,56.3862
20.8496,22.9108,56.2396
20.8333,22.8978,56.269
20.8336,22.9022,56.2642
20.8431,22.8785,56.2785
20.8322,22.8692,56.2986
20.8464,22.8639,56.2897
20.8323,22.838,56.3297
20.8251,22.8535,56.3214
20.9091,22.8887,56.2022
20.9725,22.9132,56.1142
21.0234,22.9303,56.0463
21.02,22.9302,56.0497
21.0487,22.9379,56.0134
21.0732,22.9379,55.989
21.0718,22.93,55.9982
21.0804,22.9391,55.9805
21.074,22.9426,55.9834
21.1132,22.9575,55.9293
21.2128,22.9563,55.8309
21.2562,22.9729,55.7709
21.213,22.9489,55.8381
21.1904,22.938,55.8716
21.1823,22.9585,55.8592
21.2113,22.9634,55.8253
21.212,22.9405,55.8475
21.2511,22.937,55.8119
21.2986,22.9543,55.7471
21.3272,22.9517,55.7211
21.3055,22.9452,55.7493
21.266,22.9428,55.7911
21.3522,22.9525,55.6953
21.3391,22.9534,55.7076
21.3106,22.966,55.7234
21.3398,22.9661,55.694
21.4001,22.9541,55.6459
21.3875,22.9354,55.6771
21.4505,22.974,55.5755
21.3976,22.9379,55.6646
21.366,22.9396,55.6944
21.348,22.9368,55.7152
21.373,22.9605,55.6664
21.3987,22.943,55.6584
21.3834,22.9004,55.7163
21.3706,22.9079,55.7214
21.314,22.8717,55.8143
21.9304,23.0092,55.0604
21.5368,22.9241,55.5391
21.5937,22.9856,55.4207
21.6144,22.98,55.4056
21.9411,23.0614,54.9975
21.7857,23.0455,55.1688
21.8148,23.0552,55.1299
21.8767,23.0627,55.0606
21.964,23.08,54.956
21.9684,23.0765,54.955
22.1491,23.1745,54.6764
22.1513,23.1561,54.6926
22.1625,23.1557,54.6818
22.1755,23.1638,54.6607
22.1972,23.1469,54.6559
22.1777,23.1474,54.6749
22.1592,23.1189,54.7219
22.1735,23.1469,54.6796
22.1835,23.1443,54.6722
22.1714,23.1381,54.6905
22.1657,23.1133,54.721
22.1248,23.1121,54.7631
22.1105,23.1082,54.7813
22.1839,23.1225,54.6936
22.1264,23.1139,54.7597
22.1709,23.1135,54.7155
22.2519,23.1698,54.5783
22.3076,23.1907,54.5017
22.3408,23.1737,54.4855
22.3637,23.1728,54.4635
22.3461,23.1856,54.4684
22.3227,23.1433,54.534
22.3133,23.1612,54.5255
22.3275,23.1246,54.5479
22.3665,23.1615,54.4721
22.4204,23.1697,54.4099
22.4171,23.1585,54.4244
22.4552,23.159,54.3859
22.4877,23.1584,54.354
22.4957,23.157,54.3473
22.5574,23.1745,54.268
22.5176,23.1865,54.2959
22.4832,23.1784,54.3385
22.498,23.1883,54.3137
22.5022,23.1827,54.3152
22.4802,23.1556,54.3642
22.4728,23.1276,54.3996
22.529,23.1968,54.2742
22.5369,23.2027,54.2603
22.5027,23.1908,54.3066
22.4741,23.1747,54.3511
22.4931,23.1827,54.3242
22.5715,23.203,54.2255
22.5196,23.1927,54.2876
22.5497,23.2079,54.2424
22.6019,23.2145,54.1836
22.6645,23.2185,54.117
22.6253,23.1978,54.1769
22.6611,23.2182,54.1207
22.6775,23.2093,54.1132
22.7373,23.2273,54.0354
22.7848,23.2374,53.9778
22.7977,23.2417,53.9606
22.7985,23.2402,53.9613
22.8313,23.2583,53.9104
22.8242,23.2371,53.9387
22.7914,23.2296,53.979
22.7521,23.2087,54.0391
22.8223,23.2294,53.9482
22.8522,23.2393,53.9086
22.844,23.2461,53.9099
22.7495,23.2005,54.05
22.7207,23.1947,54.0846
22.6808,23.1876,54.1316
22.6953,23.187,54.1176
22.8311,23.2377,53.9312
22.8901,23.2441,53.8658
22.9142,23.2594,53.8264
22.8807,23.2521,53.8672
22.8233,23.2394,53.9374
22.8076,23.2268,53.9656
22.8205,23.2306,53.9489
22.8885,23.2624,53.849
22.8824,23.253,53.8646
22.8377,23.2353,53.927
22.8386,23.2454,53.916
22.8821,23.2638,53.8541
22.8918,23.2665,53.8417
22.9033,23.2629,53.8337
22.8815,23.2563,53.8623
22.885,23.2609,53.8541
22.9082,23.2647,53.8271
22.9168,23.266,53.8172
22.9536,23.271,53.7754
22.9826,23.2756,53.7417
23.0172,23.2755,53.7073
23.0998,23.2898,53.6104
23.1023,23.2889,53.6088
23.0941,23.2852,53.6207
23.0922,23.2917,53.6161
23.14,23.3083,53.5516
23.1707,23.3068,53.5225
23.1849,23.3008,53.5143
23.1443,23.2802,53.5755
23.1473,23.282,53.5707
23.1547,23.2801,53.5652
23.1543,23.2838,53.5619
23.1724,23.3068,53.5209
23.1475,23.3015,53.551
23.1294,23.3003,53.5703
23.083,23.2716,53.6454
23.0332,23.2608,53.706
23.0455,23.2615,53.693
23.0508,23.2763,53.6729
23.1086,23.2922,53.5992
23.1062,23.2808,53.6129
23.0342,23.2639,53.7018
23.0347,23.253,53.7123
23.0689,23.2656,53.6655
23.0844,23.2654,53.6502
23.0252,23.2496,53.7252
23.0746,23.2593,53.6661
23.0795,23.2646,53.6559
23.1093,23.2628,53.6279
23.0859,23.2385,53.6756
23.091,23.2672,53.6418
23.0996,23.2617,53.6387
23.0976,23.2644,53.638
23.0778,23.2738,53.6484
23.0326,23.2446,53.7228
23.0079,23.2352,53.7569
21.5412,23.1409,55.3179
21.5581,23.1426,55.2992
21.5843,23.1526,55.2631
21.6101,23.1584,55.2315
21.6517,23.1664,55.1819
21.7052,23.159,55.1358
21.7211,23.171,55.1079
21.7469,23.1784,55.0747
21.7704,23.1775,55.0521
21.8294,23.1924,54.9783
21.8428,23.185,54.9722
21.8693,23.1975,54.9332
21.8863,23.2069,54.9068
21.9159,23.1972,54.8869
21.9462,23.2016,54.8522
21.9418,23.2103,54.8479
21.9617,23.2133,54.825
21.9825,23.2086,54.8089
22.0246,23.2089,54.7665
22.0473,23.2124,54.7403
22.09,23.2262,54.6838
22.1115,23.2302,54.6583
22.1479,23.2356,54.6165
22.1659,23.2329,54.6012
22.1915,23.2379,54.5706
22.218,23.2453,54.5367
22.2334,23.2518,54.5147
22.2686,23.2521,54.4793
22.2936,23.249,54.4574
22.2932,23.2514,54.4554
22.3058,23.2487,54.4454
22.3493,23.2596,54.3911
22.3825,23.2628,54.3547
22.3927,23.2604,54.3469
22.4041,23.2589,54.337
22.4431,23.2768,54.2801
22.4815,23.2775,54.2411
22.4828,23.278,54.2392
22.5025,23.2789,54.2186
22.5101,23.2876,54.2023
22.5098,23.2822,54.208
22.5228,23.2821,54.1951
22.5236,23.2862,54.1902
22.5155,23.2821,54.2024
22.5159,23.2907,54.1934
22.5715,23.2961,54.1324
22.5651,23.2981,54.1367
22.5938,23.303,54.1032
22.6699,23.3026,54.0275
22.6958,23.2996,54.0046
22.7147,23.3072,53.9781
22.7413,23.3086,53.9502
22.7285,23.3082,53.9633
22.7512,23.3106,53.9382
22.7636,23.3103,53.9261
22.7717,23.3171,53.9112
22.7798,23.3167,53.9035
22.7574,23.3184,53.9242
22.822,23.3252,53.8528
22.8127,23.3232,53.8641
22.8236,23.3257,53.8506
22.8058,23.3241,53.8701
22.8447,23.3314,53.824
22.8586,23.3307,53.8108
22.8798,23.3291,53.791
22.9064,23.3357,53.7579
22.9259,23.3345,53.7396
22.959,23.3351,53.7059
22.9743,23.3407,53.685
22.9771,23.3342,53.6888
22.99,23.3407,53.6693
22.9904,23.3337,53.6759
22.9965,23.3454,53.6581
23.0267,23.3483,53.6251
23.0286,23.3514,53.6201
23.0575,23.3441,53.5984
23.1148,23.3517,53.5335
23.1647,23.343,53.4923
23.2185,23.3561,53.4254
23.2244,23.3598,53.4157
23.2362,23.3519,53.4119
23.2474,23.3588,53.3937
23.242,23.3591,53.3989
23.249,23.3644,53.3866
23.2634,23.3665,53.3701
23.2778,23.3645,53.3577
23.2841,23.3616,53.3543
23.2773,23.3649,53.3578
23.2901,23.3617,53.3483
23.2914,23.3685,53.3401
23.2881,23.3621,53.3498
23.2987,23.3631,53.3381
23.3142,23.3559,53.3299
23.3151,23.3643,53.3206
23.3086,23.3627,53.3288
23.261,23.3627,53.3763
23.2921,23.3591,53.3488
23.3574,23.3636,53.279
23.3204,23.3626,53.3169
23.2634,23.3438,53.3928
23.2658,23.34,53.3942
23.3672,23.3597,53.2732
23.4119,23.3739,53.2142
23.392,23.3704,53.2376
23.3605,23.3642,53.2752
23.3448,23.3663,53.289
23.4499,23.3787,53.1714
23.4249,23.3762,53.1988
23.4559,23.3746,53.1695
23.3972,23.3653,53.2375
23.5067,23.3809,53.1124
23.4882,23.3807,53.1311
23.4019,23.3571,53.241
23.4897,23.375,53.1354
23.4913,23.376,53.1327
23.5685,23.3856,53.0459
23.5574,23.3826,53.06
23.5302,23.3861,53.0837
23.4885,23.3788,53.1327
23.5151,23.3798,53.1051
23.5297,23.3823,53.088
23.5614,23.3782,53.0604
23.5341,23.3785,53.0874
23.5311,23.3805,53.0885
23.5455,23.3822,53.0723
23.55,23.3779,53.0721
23.5652,23.377,53.0578
23.5836,23.3769,53.0395
23.5452,23.3787,53.0761
23.5798,23.387,53.0332
23.5966,23.378,53.0254
23.5985,23.3811,53.0203
23.5724,23.3746,53.053
23.5831,23.3864,53.0306
23.5681,23.3832,53.0487
23.5527,23.3747,53.0725
23.5717,23.3811,53.0472
23.603,23.3808,53.0161
23.6574,23.3899,52.9527
23.6183,23.3771,53.0046
23.546,23.3649,53.089
23.5246,23.3701,53.1053
23.5467,23.376,53.0773
23.5346,23.3704,53.095
23.6215,23.3824,52.9961
23.5906,23.3782,53.0313
23.4956,23.3534,53.1511
23.5108,23.3693,53.12
23.5108,23.3619,53.1273
23.5414,23.3819,53.0767
23.5616,23.3797,53.0586
23.4656,23.3446,53.1899
23.6025,23.38,53.0175
23.5408,23.3604,53.0987
23.6203,23.3767,53.003
23.63,23.3816,52.9884
23.6326,23.3833,52.984
23.6198,23.3808,52.9994
23.6102,23.3669,53.0228
23.619,23.3712,53.0098
23.6056,23.3582,53.0362
23.6856,23.3843,52.9301
23.6994,23.3819,52.9187
23.7297,23.3902,52.8802
23.6678,23.3868,52.9454
23.6368,23.3777,52.9855
23.558,23.355,53.087
23.5915,23.3645,53.0441
23.6759,23.3935,52.9306
23.6038,23.3667,53.0295
23.5838,23.3593,53.0569
23.7071,23.3847,52.9082
23.6983,23.3914,52.9103
23.6813,23.3838,52.9349
23.7071,23.3884,52.9045
23.6598,23.3768,52.9635
23.7049,23.3864,52.9087
23.6781,23.377,52.9449
23.6874,23.3782,52.9344
23.6069,23.3575,53.0355
20.8538,23.0403,56.106
20.8576,23.0291,56.1134
20.8484,23.0236,56.128
20.856,23.0287,56.1152
20.9788,23.0618,55.9594
20.9364,23.047,56.0165
20.9396,23.0339,56.0265
20.866,22.9959,56.1381
20.9673,23.0306,56.0022
21.1281,23.0903,55.7815
21.1837,23.1089,55.7073
21.1002,23.081,55.8188
21.0906,23.0603,55.8491
21.1326,23.0619,55.8055
21.1673,23.0793,55.7534
21.2499,23.1068,55.6433
21.1968,23.0769,55.7262
21.2913,23.1143,55.5945
21.2321,23.0737,55.6943
21.2415,23.0684,55.6901
21.3269,23.099,55.574
21.2652,23.068,55.6668
21.3602,23.0995,55.5403
21.3256,23.0871,55.5874
21.3084,23.0733,55.6183
21.3078,23.071,55.6212
21.4133,23.1057,55.481
21.4303,23.1102,55.4595
21.4695,23.1187,55.4118
21.3814,23.0775,55.5411
21.4403,23.0984,55.4612
21.5076,23.1237,55.3686
21.5902,23.1393,55.2706
21.4701,23.0894,55.4404
21.6741,23.1695,55.1564
21.6874,23.173,55.1396
21.7632,23.1896,55.0472
21.8319,23.2068,54.9612
21.773,23.1758,55.0513
21.7403,23.1483,55.1114
21.8635,23.1941,54.9424
21.9512,23.2323,54.8166
21.9377,23.2192,54.8431
21.8303,23.1703,54.9994
21.9999,23.2172,54.7829
22.0201,23.2258,54.7541
21.9796,23.2052,54.8152
21.9586,23.2016,54.8398
22.0241,23.2142,54.7617
21.9842,23.1895,54.8263
22.1052,23.2209,54.6739
22.1416,23.2292,54.6292
22.2087,23.2471,54.5443
22.2429,23.2434,54.5138
22.2263,23.2296,54.5441
22.1873,23.2139,54.5988
22.355,23.2696,54.3754
22.3813,23.2656,54.3531
22.3312,23.2446,54.4242
22.3989,23.2714,54.3297
22.3785,23.2588,54.3627
22.3883,23.2611,54.3506
22.3719,23.2511,54.3769
22.3969,23.2537,54.3494
22.4519,23.2694,54.2787
22.4413,23.2649,54.2938
22.463,23.2596,54.2774
22.4339,23.2499,54.3161
22.4347,23.2572,54.308
22.4245,23.2445,54.3311
22.4396,23.2489,54.3115
22.3752,23.2251,54.3996
22.4254,23.2437,54.3309
22.4579,23.2534,54.2887
22.4472,23.2374,54.3154
22.4336,23.2229,54.3435
22.4846,23.2362,54.2792
22.531,23.2569,54.2121
22.5254,23.2425,54.2321
22.499,23.2311,54.2698
22.5238,23.2373,54.2389
22.5537,23.2585,54.1878
22.5727,23.2602,54.1671
22.6049,23.2556,54.1395
22.6217,23.2632,54.1151
22.6789,23.2883,54.0327
22.7135,23.2962,53.9903
22.7004,23.2732,54.0264
22.7443,23.2853,53.9705
22.7533,23.2847,53.9619
22.7593,23.2843,53.9564
22.7785,23.2832,53.9384
22.7739,23.2844,53.9418
22.8273,23.2958,53.877
22.814,23.2981,53.8878
22.7352,23.2657,53.9991
22.7299,23.2464,54.0237
22.8319,23.2893,53.8788
22.9353,23.3192,53.7456
22.9913,23.3302,53.6785
22.9399,23.3252,53.7349
22.9692,23.3256,53.7052
22.9949,23.3305,53.6747
22.8845,23.2899,53.8255
22.8592,23.2904,53.8504
22.9747,23.3209,53.7044
22.9502,23.3123,53.7375
22.8882,23.2916,53.8202
23.0049,23.3274,53.6677
23.0683,23.3409,53.5907
22.9848,23.313,53.7022
22.9873,23.3253,53.6874
22.9336,23.2978,53.7686
23.0025,23.3099,53.6877
23.0072,23.3216,53.6712
22.9729,23.3063,53.7209
23.0076,23.3001,53.6923
23.0403,23.306,53.6537
23.1154,23.3238,53.5608
23.1917,23.3478,53.4605
23.2514,23.3625,53.3862
23.2991,23.371,53.3299
23.209,23.3515,53.4395
23.1853,23.3385,53.4762
23.1505,23.3169,53.5326
23.0771,23.2953,53.6277
23.0648,23.2898,53.6454
23.174,23.3196,53.5065
23.132,23.3131,53.555
23.0576,23.2888,53.6536
23.0992,23.2993,53.6015
23.0952,23.2966,53.6082
23.1192,23.3029,53.5779
23.2796,23.3567,53.3637
23.3454,23.3736,53.281
23.261,23.3484,53.3906
23.2963,23.3459,53.3578
23.2848,23.3447,53.3706
23.2306,23.3274,53.4421
23.3481,23.3596,53.2922
23.346,23.3504,53.3036
23.2881,23.3437,53.3682
23.3384,23.3531,53.3084
23.1601,23.2983,53.5416
23.3224,23.3453,53.3323
23.4039,23.3535,53.2426
23.2784,23.3263,53.3954
23.3783,23.344,53.2777
23.4185,23.3651,53.2163
23.3711,23.3516,53.2773
23.4027,23.3547,53.2425
23.4109,23.3593,53.2298
23.4784,23.3734,53.1482
23.3343,23.3345,53.3313
23.2722,23.3133,53.4145
23.352,23.3417,53.3063
23.4143,23.3514,53.2343
23.4296,23.3525,53.2179
23.4659,23.3638,53.1702
23.4381,23.3564,53.2056
23.4299,23.3449,53.2253
23.4758,23.362,53.1621
23.4387,23.3525,53.2088
23.4333,23.3484,53.2183
23.4579,23.3506,53.1915
23.4643,23.3496,53.1861
23.5675,23.3682,53.0643
23.4073,23.3339,53.2588
23.4491,23.3386,53.2123
23.3797,23.3213,53.299
23.5025,23.3463,53.1512
23.404,23.3392,53.2567
23.4395,23.3458,53.2147
23.3942,23.3283,53.2775
23.3679,23.3307,53.3013
23.371,23.338,53.291
23.3035,23.3173,53.3792
23.3836,23.3367,53.2796
23.4677,23.3489,53.1834
23.4027,23.345,53.2523
20.9257,23.0042,56.0701
20.9522,22.984,56.0638
20.9879,22.9847,56.0274
21.0057,22.9968,55.9975
21.0314,22.9887,55.9799
21.0423,22.9863,55.9713
21.0417,22.9679,55.9903
21.0503,22.9568,55.9929
21.0943,23.0074,55.8983
21.0895,22.995,55.9155
21.1303,22.9969,55.8727
21.1654,22.9808,55.8538
21.2041,22.988,55.8078
21.2282,23.0063,55.7655
21.256,23.0276,55.7164
21.2836,23.0357,55.6806
21.2664,23.0207,55.7129
21.3064,23.0366,55.657
21.3999,23.0762,55.5238
21.3608,23.0318,55.6074
21.3381,22.9651,55.6969
21.3516,23.0274,55.621
21.4217,23.0663,55.512
21.396,23.0163,55.5876
21.4072,23.0201,55.5727
21.4509,23.0391,55.51
21.4576,23.0027,55.5397
21.5295,23.0513,55.4193
21.6431,23.1434,55.2136
21.6157,23.0975,55.2868
21.6088,23.0622,55.329
21.6502,23.0508,55.299
21.7125,23.0943,55.1933
21.8,23.1443,55.0557
21.8415,23.1543,55.0042
21.8616,23.1399,54.9985
21.9073,23.1542,54.9385
21.9551,23.1776,54.8673
21.9654,23.1805,54.8541
21.9879,23.1897,54.8224
21.9859,23.1739,54.8402
21.9682,23.1622,54.8696
22.0112,23.1894,54.7993
21.9767,23.1559,54.8674
21.9991,23.1606,54.8402
22.0284,23.1643,54.8073
22.0975,23.2013,54.7013
22.1367,23.2141,54.6492
22.1956,23.2386,54.5658
22.2196,23.2214,54.559
22.2411,23.2225,54.5364
22.286,23.2354,54.4786
22.2999,23.241,54.459
22.3451,23.2489,54.4061
22.3603,23.2507,54.389
22.3729,23.2479,54.3792
22.3947,23.2571,54.3482
22.4108,23.254,54.3352
22.4644,23.2669,54.2686
22.5008,23.28,54.2193
22.4966,23.281,54.2224
22.5093,23.2827,54.208
22.4922,23.256,54.2518
22.4454,23.2273,54.3273
22.4529,23.2234,54.3237
22.4554,23.2257,54.3189
22.4791,23.2285,54.2923
22.4702,23.2186,54.3112
22.5023,23.2316,54.2661
22.5359,23.2588,54.2052
22.5283,23.2311,54.2407
22.5738,23.2518,54.1744
22.6031,23.2682,54.1287
22.6279,23.275,54.0972
22.6362,23.2712,54.0926
22.6905,23.2871,54.0224
22.7042,23.2895,54.0063
22.7347,23.302,53.9633
22.6848,23.2719,54.0433
22.731,23.2847,53.9843
22.7586,23.2933,53.9481
22.787,23.2993,53.9138
22.7956,23.2958,53.9086
22.8036,23.2915,53.905
22.8187,23.2857,53.8955
22.841,23.2931,53.8659
22.8516,23.2957,53.8526
22.8623,23.3022,53.8355
22.8417,23.29,53.8684
22.8359,23.2778,53.8863
22.8309,23.273,53.8961
22.8261,23.264,53.9099
22.8384,23.2638,53.8978
22.9017,23.2832,53.8151
22.9417,23.3062,53.7521
22.9391,23.2954,53.7655
22.9525,23.2991,53.7485
23.0038,23.3188,53.6774
22.998,23.3051,53.6969
22.9955,23.3034,53.7011
23.0179,23.3075,53.6746
23.084,23.3338,53.5822
23.2447,23.4011,53.3541
23.2838,23.4111,53.3051
23.2803,23.4074,53.3122
23.317,23.4193,53.2638
23.3287,23.4186,53.2528
23.2663,23.3884,53.3453
23.1043,23.311,53.5847
23.0863,23.3001,53.6136
23.1308,23.3184,53.5508
23.1146,23.3033,53.5821
23.1196,23.3055,53.575
23.1119,23.2959,53.5922
23.1331,23.3074,53.5595
23.2006,23.3204,53.479
23.2077,23.3137,53.4786
23.2208,23.3181,53.4611
23.195,23.2966,53.5084
23.3026,23.3435,53.3539
23.3689,23.3778,53.2533
23.4497,23.4026,53.1478
23.3908,23.384,53.2252
23.3554,23.3709,53.2737
23.3403,23.3654,53.2943
23.3255,23.358,53.3165
23.3198,23.3495,53.3307
23.2908,23.339,53.3702
23.3082,23.3505,53.3413
23.2413,23.3099,53.4488
23.2376,23.3129,53.4494
23.3402,23.3769,53.2828
23.3955,23.3886,53.2159
23.3787,23.375,53.2464
23.3787,23.3774,53.2439
23.4614,23.4176,53.121
23.3769,23.3706,53.2525
23.3525,23.3558,53.2917
23.3312,23.3441,53.3246
23.2819,23.324,53.394
23.2787,23.3251,53.3963
23.1837,23.2711,53.5452
23.1763,23.2757,53.548
23.0406,23.1851,53.7742
23.029,23.1958,53.7753
23.1167,23.2692,53.6141
23.1605,23.2708,53.5687
23.3621,23.3728,53.2651
23.2712,23.3371,53.3917
23.1332,23.2401,53.6267
23.0721,23.1595,53.7683
23.1036,23.1441,53.7523
23.1016,23.2299,53.6685
23.0879,23.2191,53.693
23.1413,23.2616,53.597
23.1108,23.1986,53.6906
23.4003,23.1677,53.4319
23.0508,23.0616,53.8876
23.0467,23.1287,53.8246
23.511,23.4131,53.0759
23.6597,23.4575,52.8828
23.7541,23.4848,52.7611
23.8217,23.4977,52.6806
23.6601,23.4144,52.9255
23.714,23.4342,52.8518
23.6552,23.4215,52.9234
23.8133,23.4869,52.6998
23.8511,23.4984,52.6504
23.7527,23.4524,52.795
23.6997,23.4398,52.8605
23.6753,23.4116,52.9131
23.4265,23.3091,53.2644
23.4389,23.3138,53.2473
23.5344,23.3644,53.1012
23.475,23.3424,53.1826
23.3842,23.3044,53.3114
23.3531,23.2875,53.3594
23.3593,23.2845,53.3562
23.6141,23.4277,52.9582
23.5517,23.4002,53.0481
21.9378,23.237,54.8252
21.9541,23.2402,54.8056
21.9662,23.2378,54.796
22.0309,23.2478,54.7213
22.0831,23.2607,54.6562
22.1386,23.2666,54.5948
22.1443,23.2613,54.5944
22.2186,23.2761,54.5053
22.1628,23.2633,54.574
22.2234,23.2713,54.5053
22.2157,23.2699,54.5144
22.26,23.278,54.462
22.2762,23.2759,54.4479
22.3666,23.2912,54.3422
22.3829,23.2938,54.3233
22.3765,23.2863,54.3372
22.4153,23.2906,54.2941
22.4617,23.3035,54.2349
22.4163,23.2945,54.2892
22.391,23.2897,54.3193
22.4325,23.3012,54.2663
22.505,23.3063,54.1887
22.5417,23.3114,54.1469
22.5127,23.3034,54.1839
22.5425,23.3031,54.1544
22.5625,23.3058,54.1317
22.6368,23.3128,54.0504
22.6545,23.3139,54.0316
22.68,23.3204,53.9996
22.7124,23.3139,53.9737
22.6962,23.3104,53.9935
22.6844,23.3142,54.0014
22.6835,23.313,54.0035
22.7568,23.3264,53.9167
22.7937,23.3213,53.8849
22.812,23.3281,53.86
22.8188,23.3244,53.8568
22.8369,23.3266,53.8365
22.8422,23.3233,53.8345
22.8877,23.3275,53.7848
22.8601,23.3277,53.8122
22.8747,23.3244,53.801
22.909,23.338,53.753
22.9266,23.3372,53.7362
22.9023,23.3329,53.7648
22.8736,23.3256,53.8007
22.894,23.3255,53.7805
22.8856,23.3191,53.7953
22.9535,23.3387,53.7077
22.9375,23.329,53.7335
22.92,23.3323,53.7476
22.9201,23.3254,53.7545
22.9305,23.3258,53.7437
22.9448,23.324,53.7312
22.9852,23.3357,53.6791
22.9672,23.3242,53.7086
23.0367,23.3405,53.6228
23.0148,23.3319,53.6533
23.0411,23.3343,53.6246
23.0269,23.3346,53.6385
23.022,23.3307,53.6473
22.9974,23.3264,53.6762
22.9815,23.3183,53.7003
23.0237,23.3315,53.6448
23.0191,23.3306,53.6503
23.0614,23.3403,53.5983
23.0664,23.3381,53.5955
22.9991,23.3205,53.6804
22.9792,23.3225,53.6982
22.949,23.3152,53.7358
22.9232,23.3058,53.7709
22.9174,23.3083,53.7743
22.8733,23.3042,53.8225
23.0186,23.3262,53.6551
23.0608,23.3288,53.6105
23.077,23.3387,53.5843
23.089,23.3359,53.5752
22.9798,23.3192,53.701
22.9836,23.3147,53.7017
22.9718,23.3166,53.7117
22.98,23.3165,53.7035
23.0567,23.3305,53.6128
23.0255,23.3308,53.6437
23.0157,23.3226,53.6617
22.9776,23.3088,53.7136
23.0171,23.326,53.6569
23.017,23.3203,53.6627
23.0336,23.3236,53.6428
23.0371,23.3284,53.6345
23.0242,23.3283,53.6475
23.0508,23.326,53.6232
23.0423,23.3212,53.6365
22.9869,23.3045,53.7086
23.0505,23.3206,53.6289
23.0506,23.3225,53.6269
23.0509,23.3193,53.6298
23.1019,23.3285,53.5696
23.1767,23.3382,53.4851
23.1683,23.3347,53.497
23.1928,23.3386,53.4686
23.1941,23.3295,53.4764
23.2549,23.3555,53.3896
23.2569,23.3479,53.3952
23.3171,23.3597,53.3232
23.2732,23.3453,53.3815
23.2652,23.3482,53.3866
23.2766,23.351,53.3724
23.2599,23.3443,53.3958
23.2915,23.3498,53.3588
23.34,23.3577,53.3023
23.4038,23.3667,53.2295
23.4681,23.3718,53.1601
23.4416,23.3614,53.1971
23.5593,23.3949,53.0457
23.5423,23.3844,53.0732
23.47,23.3607,53.1693
23.5123,23.3647,53.123
23.4769,23.3629,53.1602
23.4887,23.3636,53.1477
23.5071,23.3625,53.1304
23.5721,23.3804,53.0475
23.5135,23.37,53.1166
23.5185,23.3753,53.1062
23.5837,23.3912,53.0252
23.5912,23.3937,53.0152
23.5616,23.383,53.0553
23.5601,23.3831,53.0568
23.5429,23.3797,53.0774
23.5007,23.3659,53.1334
23.6187,23.3823,52.999
23.5958,23.3757,53.0286
23.5536,23.3624,53.084
23.5587,23.3741,53.0672
23.5624,23.367,53.0707
23.5343,23.3572,53.1085
23.6461,23.3755,52.9784
23.6052,23.3693,53.0255
23.5767,23.3768,53.0465
23.5408,23.3623,53.0969
23.569,23.3672,53.0638
23.5865,23.371,53.0424
23.659,23.3738,52.9672
23.6566,23.377,52.9664
23.6568,23.3729,52.9703
23.8633,23.4076,52.7291
23.7213,23.374,52.9047
23.6409,23.3566,53.0025
23.6508,23.3568,52.9924
23.6399,23.348,53.0121
24.0414,23.421,52.5376
23.8262,23.3794,52.7944
23.7995,23.3802,52.8203
23.6908,23.3578,52.9514
23.7759,23.3692,52.8549
23.7821,23.3786,52.8393
23.8366,23.3805,52.7829
23.8378,23.3841,52.778
23.6851,23.3538,52.9611
23.7548,23.3698,52.8754
23.7697,23.3633,52.8671
23.7878,23.3672,52.845
23.8214,23.3788,52.7998
23.8276,23.3764,52.796
23.8359,23.373,52.7911
23.8159,23.37,52.8142
23.8993,23.3841,52.7166
23.8872,23.3793,52.7335
23.8917,23.3799,52.7284
23.8847,23.3898,52.7256
23.8558,23.3782,52.7659
23.8486,23.3746,52.7768
23.8384,23.3701,52.7914
23.8142,23.3655,52.8202
23.8812,23.3808,52.738
23.8205,23.3743,52.8052
23.8157,23.3686,52.8157
23.8853,23.3798,52.7349
23.8986,23.3812,52.7201
23.8272,23.366,52.8068
23.8346,23.3679,52.7975
20.2303,22.5902,57.1795
20.242,22.5803,57.1777
20.3565,22.6122,57.0313
20.437,22.6931,56.8699
20.4072,22.6326,56.9602
20.4455,22.6492,56.9053
20.4834,22.6521,56.8645
20.5252,22.7265,56.7482
20.5383,22.6615,56.8002
20.5724,22.6733,56.7544
20.6075,22.7262,56.6663
20.6267,22.7518,56.6215
20.6762,22.7256,56.5982
20.6733,22.721,56.6057
20.7594,22.7499,56.4908
20.7172,22.7352,56.5477
20.7582,22.7582,56.4837
20.8426,22.7757,56.3817
20.9151,22.7908,56.294
20.9361,22.8186,56.2453
20.955,22.8599,56.1851
21.013,22.8203,56.1667
21.0177,22.8422,56.1401
21.0761,22.8788,56.0451
21.1299,22.8672,56.0029
21.1265,22.857,56.0164
21.1415,22.8926,55.9659
21.1559,22.872,55.9721
21.1923,22.9108,55.8969
21.1282,22.8738,55.998
21.1269,22.9045,55.9687
21.1412,22.8768,55.9819
21.2014,22.8883,55.9103
21.2613,22.8654,55.8733
21.2822,22.9293,55.7885
21.2988,22.9136,55.7876
21.3258,22.9393,55.7349
21.302,22.932,55.766
21.341,22.8956,55.7634
21.3488,22.9042,55.747
21.4678,23.0292,55.503
21.4812,22.8954,55.6234
21.4692,22.9225,55.6083
21.5565,22.9502,55.4932
21.595,22.9902,55.4148
21.6245,23.0086,55.3669
21.6167,22.9246,55.4587
21.6452,23.0296,55.3253
21.6645,22.9928,55.3427
21.7466,23.0576,55.1958
21.7471,23.0456,55.2073
21.7198,23.0403,55.2399
21.7945,23.0599,55.1456
21.8961,23.0761,55.0279
21.8815,23.0792,55.0393
21.861,23.0385,55.1005
21.9645,23.1229,54.9126
21.9742,23.1083,54.9175
21.9687,23.0973,54.9339
21.963,23.0849,54.952
21.9895,23.057,54.9536
22.0859,23.1529,54.7612
22.0156,23.0908,54.8936
22.0423,23.0836,54.8741
22.1227,23.134,54.7433
22.2056,23.1665,54.6278
22.3242,23.1936,54.4821
22.446,23.2486,54.3054
22.4429,23.2205,54.3366
22.4645,23.2175,54.318
22.5017,23.2182,54.2802
22.48,23.2078,54.3123
22.4774,23.2078,54.3148
22.4995,23.2243,54.2763
22.4517,23.1655,54.3828
22.5009,23.2185,54.2806
22.5109,23.2156,54.2736
22.5478,23.2358,54.2164
22.5361,23.2066,54.2573
22.5309,23.2081,54.261
22.5325,23.2114,54.2562
22.5752,23.2254,54.1994
22.6212,23.2262,54.1525
22.6532,23.2394,54.1074
22.6688,23.2353,54.0959
22.6682,23.2302,54.1016
22.6738,23.2275,54.0986
22.7543,23.2642,53.9815
22.7528,23.2538,53.9934
22.8086,23.2824,53.909
22.7959,23.2674,53.9367
22.7927,23.2631,53.9442
22.8102,23.2671,53.9227
22.8013,23.2564,53.9423
22.8359,23.2784,53.8857
22.8226,23.2564,53.921
22.8243,23.2487,53.927
22.9108,23.3008,53.7884
22.9345,23.3094,53.7561
22.9522,23.3072,53.7406
22.9424,23.294,53.7637
22.9492,23.2865,53.7643
22.9319,23.2707,53.7974
22.9157,23.2747,53.8096
22.9323,23.276,53.7917
22.9575,23.2908,53.7517
22.9829,23.2868,53.7304
22.9916,23.299,53.7094
23.0045,23.3065,53.6889
22.9945,23.3007,53.7048
22.9811,23.2806,53.7383
22.9758,23.2625,53.7617
22.9672,23.2614,53.7714
22.9326,23.2539,53.8136
22.948,23.2542,53.7978
22.9596,23.2666,53.7738
23.0189,23.3021,53.679
23.0575,23.3111,53.6314
23.0117,23.2763,53.712
23.0503,23.2853,53.6644
23.0888,23.2864,53.6248
23.1076,23.311,53.5813
23.0825,23.2878,53.6298
23.0879,23.28,53.6321
23.0894,23.2747,53.6359
23.1045,23.2851,53.6104
23.1025,23.2806,53.6169
23.1276,23.2944,53.5779
23.1491,23.2906,53.5603
23.1324,23.283,53.5847
23.1307,23.2822,53.587
23.0694,23.2483,53.6824
23.1929,23.3237,53.4834
23.203,23.3159,53.481
23.1829,23.2953,53.5219
23.1509,23.2721,53.577
23.1583,23.2774,53.5643
23.2318,23.3199,53.4482
23.2586,23.3407,53.4007
23.201,23.3144,53.4847
23.1594,23.2837,53.5568
23.1314,23.2687,53.5999
23.1075,23.2488,53.6437
23.1247,23.2689,53.6064
23.1383,23.2717,53.59
23.1763,23.2933,53.5304
23.1899,23.2902,53.5199
23.1732,23.274,53.5528
23.1146,23.2496,53.6358
23.1406,23.2756,53.5838
23.1378,23.2807,53.5815
23.0898,23.2568,53.6534
23.0453,23.1998,53.7549
23.0763,23.2023,53.7215
23.1302,23.2487,53.6211
23.189,23.2816,53.5294
23.1774,23.2624,53.5602
23.189,23.2675,53.5435
23.3177,23.3386,53.3437
23.3132,23.3322,53.3545
23.3133,23.331,53.3557
23.2694,23.3037,53.4269
23.264,23.2958,53.4402
23.2569,23.3016,53.4414
23.2197,23.2881,53.4922
23.236,23.2961,53.4679
23.2779,23.3186,53.4035
23.176,23.2633,53.5607
23.1784,23.2758,53.5458
23.2176,23.2874,53.495
23.2377,23.2927,53.4696
23.2504,23.2943,53.4553
23.2367,23.2758,53.4875
23.3521,23.3319,53.3159
23.356,23.3386,53.3054
23.3835,23.3469,53.2696
23.4045,23.3556,53.2399
23.4837,23.3908,53.1255
23.212,23.2309,53.5571
23.2356,23.2558,53.5087
20.6925,22.9805,56.327
20.591,22.9455,56.4635
20.7878,22.9879,56.2243
20.8687,23.0264,56.1048
20.7191,22.9845,56.2964
20.6908,22.9777,56.3315
20.8027,23.0133,56.1839
20.89,23.0433,56.0667
20.8199,23.0238,56.1563
20.8021,23.0144,56.1835
20.8856,23.0395,56.0749
21.0395,23.0711,55.8894
21.004,23.0591,55.9369
21.002,23.0455,55.9525
21.0557,23.0629,55.8814
21.0788,23.0641,55.8571
21.1324,23.0715,55.7962
21.2478,23.0994,55.6528
21.5992,23.2059,55.1949
21.1051,23.0636,55.8313
21.2666,23.1038,55.6296
21.2947,23.1022,55.6031
21.237,23.0848,55.6782
21.223,23.09,55.687
21.0608,23.0464,55.8927
21.1942,23.0813,55.7245
21.2755,23.1086,55.6159
21.2938,23.1148,55.5914
21.2426,23.0986,55.6589
21.2942,23.1038,55.602
21.2925,23.0946,55.6128
21.467,23.1445,55.3885
21.5101,23.1507,55.3392
21.532,23.1499,55.3181
21.492,23.1412,55.3668
21.4675,23.1328,55.3997
21.5215,23.1502,55.3283
21.6532,23.1696,55.1772
21.5983,23.1613,55.2405
21.504,23.1316,55.3644
21.5782,23.1521,55.2697
21.6199,23.1622,55.2178
21.9148,23.2251,54.8601
21.8527,23.1995,54.9478
21.6386,23.1407,55.2206
21.8563,23.1832,54.9605
21.8613,23.1766,54.9621
21.7702,23.1419,55.0879
21.868,23.1618,54.9702
21.9057,23.1741,54.9203
21.8895,23.159,54.9515
21.6812,23.1098,55.209
21.8173,23.1452,55.0375
21.9637,23.1772,54.8591
22.0618,23.188,54.7503
21.746,23.1097,55.1443
21.7376,23.1083,55.1541
21.7619,23.1073,55.1308
21.7531,23.1138,55.1331
21.8609,23.1467,54.9924
21.9305,23.1498,54.9197
22.239,23.227,54.534
22.0554,23.1675,54.7772
22.3691,23.2581,54.3728
22.4139,23.2709,54.3152
22.1284,23.202,54.6696
21.9631,23.1665,54.8705
21.9452,23.1662,54.8886
21.966,23.1674,54.8666
22.046,23.1875,54.7665
21.8811,23.1414,54.9775
22.0995,23.1923,54.7082
22.4859,23.2598,54.2542
22.765,23.3101,53.9249
22.6491,23.2784,54.0725
22.7165,23.2928,53.9907
22.4823,23.2452,54.2724
22.4186,23.2364,54.345
22.5622,23.2722,54.1656
22.7376,23.3068,53.9557
22.423,23.2476,54.3295
22.4632,23.2555,54.2814
22.396,23.2471,54.3569
22.3233,23.2257,54.451
22.5307,23.2782,54.1911
22.5024,23.2692,54.2284
22.4212,23.2465,54.3323
22.5762,23.2752,54.1487
22.4149,23.2399,54.3452
22.6163,23.2867,54.0971
22.6349,23.289,54.0761
22.6505,23.2873,54.0622
22.6556,23.2852,54.0592
22.6418,23.2895,54.0687
22.6005,23.2712,54.1283
22.6668,23.292,54.0412
22.6037,23.2771,54.1192
22.5793,23.2687,54.1521
22.5816,23.2681,54.1503
22.7462,23.3056,53.9482
22.712,23.295,53.993
22.7535,23.3031,53.9434
22.6586,23.2777,54.0637
22.7911,23.3019,53.907
22.6439,23.2677,54.0883
22.6038,23.252,54.1442
23.0299,23.3279,53.6422
23.7256,23.4357,52.8387
23.4364,23.3871,53.1764
22.7679,23.2701,53.962
22.7796,23.2726,53.9478
22.6433,23.2479,54.1088
22.9952,23.3255,53.6793
22.6424,23.2517,54.1059
22.6195,23.234,54.1465
22.5379,23.2136,54.2486
23.0741,23.3249,53.601
22.909,23.2788,53.8122
22.8702,23.2733,53.8565
22.7298,23.2503,54.0199
23.105,23.3135,53.5816
23.1352,23.3217,53.543
22.8651,23.2822,53.8528
22.6517,23.2483,54.1
22.7868,23.2765,53.9367
23.096,23.3311,53.5729
23.0037,23.3136,53.6827
22.8136,23.2818,53.9046
22.7624,23.2609,53.9767
22.6594,23.2428,54.0978
22.7763,23.2711,53.9527
22.7512,23.2657,53.9832
22.7522,23.2607,53.9871
22.8414,23.2689,53.8897
22.8691,23.2798,53.8511
22.9513,23.2929,53.7558
23.1441,23.3293,53.5266
22.9289,23.2862,53.7848
22.9224,23.2854,53.7922
23.1553,23.3297,53.515
22.836,23.2669,53.8972
22.8262,23.2646,53.9092
22.7517,23.253,53.9952
22.802,23.2588,53.9392
22.8427,23.2661,53.8912
22.8255,23.2635,53.9109
22.9247,23.2781,53.7972
23.3712,23.3655,53.2633
24.0426,23.4571,52.5002
23.5672,23.3678,53.065
23.2442,23.3118,53.444
23.1389,23.2877,53.5733
23.7315,23.378,52.8905
23.384,23.3143,53.3017
23.9046,23.3921,52.7033
23.8971,23.4035,52.6994
23.1796,23.2889,53.5315
23.3121,23.3147,53.3731
23.2014,23.3059,53.4927
23.0299,23.2872,53.683
23.254,23.3304,53.4157
23.181,23.3159,53.5031
23.0503,23.2916,53.6581
23.2749,23.3464,53.3787
23.402,23.3645,53.2334
23.3781,23.3544,53.2674
23.4011,23.3646,53.2343
23.1965,23.3249,53.4786
23.2664,23.3348,53.3988
23.1851,23.3242,53.4907
23.3053,23.3505,53.3442
23.5232,23.3905,53.0863
23.0784,23.2977,53.6238
23.1754,23.3205,53.5041
23.1343,23.3101,53.5556
23.2971,23.3346,53.3683
23.278,23.3348,53.3872
23.2832,23.3339,53.3828
23.3991,23.3596,53.2413
23.1134,23.291,53.5956
22.228,23.4593,54.3127
22.2281,23.4586,54.3133
22.19,23.4498,54.3602
22.293,23.4675,54.2395
22.2195,23.4468,54.3336
22.3595,23.4745,54.166
22.3495,23.4688,54.1817
22.3591,23.4554,54.1855
22.4037,23.4702,54.1261
22.4466,23.4777,54.0757
22.389,23.4676,54.1434
22.3934,23.465,54.1416
22.456,23.4681,54.0759
22.5041,23.4798,54.0161
22.5415,23.4861,53.9723
22.5434,23.4847,53.9719
22.6097,23.4972,53.8931
22.6589,23.4947,53.8464
22.6912,23.5079,53.8009
22.6418,23.4878,53.8704
22.7285,23.5043,53.7672
22.719,23.5008,53.7802
22.785,23.5066,53.7084
22.7447,23.4955,53.7598
22.8957,23.5277,53.5766
22.8541,23.5152,53.6307
22.9377,23.5216,53.5407
22.9748,23.5222,53.5031
22.9247,23.5064,53.5688
22.9858,23.5265,53.4877
22.9735,23.5224,53.5041
22.9787,23.5106,53.5107
22.9482,23.5012,53.5505
23.0159,23.5192,53.4649
23.0456,23.5265,53.4279
23.0158,23.5145,53.4697
23.0576,23.5198,53.4226
23.0603,23.5195,53.4202
23.066,23.5144,53.4196
23.1404,23.5335,53.3261
23.1299,23.5249,53.3452
23.1411,23.5317,53.3272
23.096,23.5193,53.3848
23.136,23.5256,53.3383
23.023,23.4894,53.4876
23.1973,23.5325,53.2702
23.2696,23.5445,53.1859
23.2614,23.5437,53.1949
23.1354,23.5049,53.3597
23.2923,23.5426,53.1651
23.2694,23.5326,53.1981
23.2407,23.5234,53.2359
23.2873,23.5438,53.1689
23.2794,23.5323,53.1883
23.3209,23.541,53.1382
23.3198,23.5397,53.1404
23.2134,23.501,53.2856
23.2727,23.5237,53.2035
23.3237,23.5335,53.1428
23.3441,23.5359,53.12
23.2728,23.5353,53.1919
23.001,23.4479,53.5511
23.1386,23.5077,53.3537
32.0145,24.6164,43.3692
23.2276,23.5291,53.2434
23.2875,23.51,53.2024
23.3632,23.5323,53.1045
23.3006,23.5159,53.1836
23.3164,23.5095,53.174
23.4665,23.5526,52.9809
23.4807,23.5468,52.9725
23.4499,23.5478,53.0023
23.4596,23.5392,53.0012
23.4624,23.5331,53.0045
23.3456,23.5279,53.1264
23.3145,23.5158,53.1697
23.1039,23.4808,53.4153
23.4106,23.5259,53.0635
30.6497,24.5558,44.7944
23.4173,23.5208,53.0619
23.4757,23.5504,52.9739
31.7551,24.4444,43.8005
23.198,23.4892,53.3128
23.4104,23.5313,53.0583
23.0813,23.4733,53.4455
28.1227,24.2373,47.64
23.3064,23.5062,53.1874
23.5286,23.5484,52.923
23.4879,23.542,52.9701
23.1753,23.5008,53.3238
23.2309,23.513,53.2561
26.2317,24.0047,49.7636
23.5222,23.5623,52.9155
23.3809,23.4968,53.1223
23.5,23.5452,52.9548
23.9696,23.5799,52.4504
23.7233,23.5593,52.7174
23.4811,23.4975,53.0214
29.1082,24.2946,46.5972
29.8257,24.2683,45.906
23.6139,23.5464,52.8397
23.6526,23.5378,52.8096
23.7101,23.5338,52.7561
23.7953,23.5606,52.6441
23.7838,23.5626,52.6536
23.485,23.5081,53.0069
25.6252,23.8781,50.4967
25.3926,23.7281,50.8793
23.6969,23.5321,52.771
23.7776,23.5429,52.6796
23.8375,23.5497,52.6129
25.4631,23.8515,50.6854
23.6977,23.513,52.7893
23.8459,23.5471,52.607
23.9132,23.5538,52.533
23.8653,23.5366,52.5981
23.8573,23.5342,52.6086
23.6437,23.4951,52.8612
24.0227,23.5703,52.407
23.9618,23.5555,52.4826
23.9019,23.5401,52.558
23.8529,23.5215,52.6256
23.98,23.554,52.466
24.5114,23.6103,51.8783
24.0628,23.5661,52.3711
24.1097,23.5615,52.3288
24.1596,23.5739,52.2665
24.1231,23.5717,52.3053
24.1429,23.572,52.2851
24.1633,23.57,52.2667
24.1558,23.5667,52.2775
24.1224,23.5573,52.3203
24.1675,23.569,52.2635
24.196,23.561,52.243
24.1979,23.5689,52.2333
24.1983,23.5633,52.2384
24.1677,23.5595,52.2728
24.2052,23.5631,52.2316
24.1823,23.5624,52.2553
24.1939,23.5681,52.238
24.2059,23.5643,52.2299
24.2158,23.5638,52.2203
24.1868,23.5593,52.2538
24.1793,23.5506,52.27
24.219,23.5591,52.2219
24.1895,23.5552,52.2553
24.1855,23.5557,52.2588
24.2394,23.5623,52.1983
24.2007,23.5614,52.2379
24.2594,23.5617,52.1789
24.2363,23.5624,52.2012
24.2124,23.5571,52.2305
24.2462,23.5618,52.192
24.252,23.56,52.1879
24.2576,23.5659,52.1765
24.2407,23.5615,52.1978
24.2105,23.5536,52.2359
24.2534,23.56,52.1866
24.2738,23.5579,52.1683
24.2894,23.5644,52.1462
24.2848,23.5555,52.1597
24.2701,23.5511,52.1789
24.3089,23.5633,52.1278
24.27,23.5562,52.1738
24.2647,23.5543,52.1809
24.2734,23.5606,52.166
24.2166,23.547,52.2363
24.2028,23.5438,52.2533
24.2869,23.5614,52.1517
24.2632,23.5519,52.1849
24.2752,23.5572,52.1676
24.2567,23.5489,52.1943
24.3146,23.5588,52.1266
24.3244,23.5606,52.115
24.2792,23.5532,52.1675
24.2912,23.5615,52.1473
24.2622,23.5637,52.1741
24.1,23.537,52.3629
24.1759,23.5412,52.2828
24.2376,23.5537,52.2087
21.4542,23.2758,55.2701
21.4956,23.2937,55.2107
21.5523,23.3,55.1477
21.5709,23.3064,55.1227
21.6405,23.3395,55.02
21.5861,23.3017,55.1122
21.5693,23.2936,55.1371
21.6126,23.299,55.0884
21.6046,23.2829,55.1125
21.6751,23.3174,55.0075
21.6887,23.3149,54.9964
21.6864,23.3144,54.9992
21.7147,23.3146,54.9708
21.7726,23.3411,54.8863
21.7931,23.3452,54.8617
21.7551,23.3225,54.9224
21.7577,23.304,54.9382
21.7857,23.3121,54.9022
21.8102,23.3177,54.8722
21.8413,23.3186,54.8401
21.9237,23.3521,54.7241
21.9755,23.3588,54.6656
22.007,23.3643,54.6287
22.0502,23.3684,54.5814
22.0562,23.3687,54.5751
22.0811,23.3692,54.5496
22.0916,23.3685,54.5399
22.0962,23.3559,54.5478
22.1426,23.3732,54.4843
22.2261,23.3984,54.3754
22.309,23.4257,54.2653
22.3392,23.4231,54.2377
22.3888,23.4302,54.1809
22.4103,23.4372,54.1524
22.4598,23.4497,54.0905
22.489,23.4536,54.0574
22.4657,23.4368,54.0975
22.4002,23.4179,54.1819
22.4119,23.4207,54.1673
22.4059,23.4148,54.1793
22.4047,23.4107,54.1847
22.4085,23.4021,54.1894
22.4604,23.4237,54.1159
22.5021,23.4318,54.0661
22.5276,23.4394,54.033
22.581,23.4494,53.9696
22.621,23.4587,53.9204
22.6146,23.4527,53.9327
22.5426,23.4303,54.027
22.5259,23.4222,54.0519
22.5362,23.4256,54.0382
22.5205,23.4155,54.064
22.5274,23.416,54.0566
22.5467,23.4188,54.0345
22.5902,23.433,53.9768
22.5403,23.4083,54.0513
22.4825,23.3865,54.131
22.5202,23.3959,54.0838
22.5261,23.3943,54.0796
22.5321,23.3879,54.08
22.5495,23.3878,54.0627
22.5399,23.3808,54.0793
22.5106,23.3678,54.1216
22.4644,23.3471,54.1885
22.5646,23.3828,54.0526
22.6214,23.4012,53.9774
22.6624,23.4141,53.9235
22.6407,23.4014,53.9579
22.6646,23.4061,53.9294
22.6706,23.4053,53.9242
22.6903,23.4088,53.9008
22.6621,23.389,53.9488
22.7424,23.416,53.8415
22.7438,23.4051,53.8511
22.7072,23.3908,53.902
22.7233,23.398,53.8787
22.8059,23.4254,53.7687
22.8311,23.4289,53.74
22.8499,23.427,53.7231
22.8279,23.4193,53.7529
22.8259,23.4097,53.7644
22.8603,23.4181,53.7217
22.9963,23.4677,53.5361
23.067,23.485,53.448
23.1394,23.5015,53.3592
23.1243,23.4925,53.3832
23.1646,23.5009,53.3346
23.1613,23.4916,53.3471
23.0953,23.462,53.4427
23.0731,23.4519,53.475
23.0776,23.4497,53.4727
23.0785,23.4505,53.4709
23.0368,23.4261,53.5371
23.0622,23.4404,53.4974
23.1227,23.4536,53.4237
23.0738,23.4379,53.4883
23.126,23.4537,53.4204
23.1322,23.4481,53.4197
23.2693,23.4812,53.2495
23.2817,23.4849,53.2334
23.2293,23.4639,53.3068
23.2717,23.474,53.2544
23.2181,23.4465,53.3354
23.2453,23.4528,53.3019
23.3029,23.4706,53.2265
23.3161,23.4687,53.2153
23.2736,23.457,53.2694
23.251,23.4377,53.3114
23.228,23.4281,53.3438
23.2067,23.4168,53.3765
23.2454,23.4219,53.3327
23.3226,23.4491,53.2283
23.2992,23.4433,53.2575
23.2103,23.4068,53.3829
23.3,23.4428,53.2572
23.3114,23.4403,53.2483
23.2951,23.4418,53.2631
23.294,23.4366,53.2694
23.3242,23.4386,53.2372
23.2971,23.4272,53.2757
23.279,23.4199,53.3012
23.3869,23.4543,53.1588
23.3594,23.4448,53.1958
23.3571,23.445,53.1978
23.4213,23.4647,53.114
23.399,23.4467,53.1542
23.2831,23.4001,53.3167
23.2305,23.3807,53.3888
23.2066,23.366,53.4274
23.1809,23.3425,53.4766
23.3149,23.4127,53.2724
23.3088,23.3953,53.2958
23.308,23.3949,53.2971
23.3434,23.4095,53.2471
23.2348,23.3521,53.4131
23.2602,23.3518,53.388
23.7346,23.5371,52.7283
23.456,23.4385,53.1055
23.1957,23.3227,53.4816
23.1797,23.3167,53.5036
23.5477,23.4677,52.9846
23.575,23.4754,52.9496
23.4545,23.4252,53.1202
23.4694,23.4141,53.1166
23.6913,23.5038,52.8049
23.621,23.472,52.907
23.683,23.4904,52.8265
23.5717,23.4472,52.981
23.5242,23.4302,53.0456
23.524,23.4276,53.0484
23.4851,23.4049,53.1101
23.5949,23.4437,52.9615
23.5828,23.445,52.9722
23.608,23.4403,52.9517
23.6987,23.4714,52.8299
23.6788,23.461,52.8602
23.7041,23.454,52.8419
23.6931,23.4459,52.861
23.7442,23.4657,52.7901
23.7776,23.472,52.7504
23.7477,23.4519,52.8004
23.8018,23.4721,52.7261
23.8269,23.4759,52.6972
23.8167,23.4732,52.7101
23.905,23.5029,52.5921
23.9065,23.5052,52.5884
23.8711,23.4842,52.6448
23.9094,23.499,52.5916
23.9254,23.5046,52.5701
23.9216,23.4895,52.5888
23.8822,23.4825,52.6353
23.979,23.5189,52.5021
23.9906,23.5211,52.4883
23.9438,23.4988,52.5573
23.8976,23.4818,52.6206
23.952,23.5036,52.5443
23.9837,23.5052,52.5111
23.9615,23.4927,52.5458
23.9461,23.4867,52.5671
24.0182,23.5112,52.4707
19.9449,22.9424,57.1127
