23.1801,20.8039,56.0161
22.9801,20.8336,56.1863
22.7542,20.824,56.4218
22.4983,20.7937,56.7081
22.3016,20.7905,56.9079
22.2491,20.8944,56.8565
22.2201,21.0369,56.743
22.1363,21.1537,56.71
21.9427,21.1818,56.8756
21.7086,21.1619,57.1295
21.4283,21.1155,57.4562
21.1344,21.0566,57.809
20.849,20.9964,58.1546
20.5443,20.9271,58.5287
20.2168,20.8349,58.9484
19.8806,20.7315,59.3879
19.576,20.6679,59.7561
19.2861,20.6173,60.0966
19.0343,20.5803,60.3854
18.8027,20.5749,60.6225
18.6054,20.5813,60.8133
18.4526,20.6059,60.9415
18.307,20.5982,61.0948
18.0529,20.5374,61.4097
17.7426,20.4422,61.8152
16.0936,19.2207,64.6857
14.2265,17.8581,67.9154
13.4974,17.4597,69.0429
12.7885,17.1187,70.0927
12.1772,16.811,71.0118
11.917,16.788,71.295
11.633,16.7655,71.6015
11.6758,16.887,71.4372
11.9062,17.0811,71.0127
11.7612,17.1274,71.1114
11.7995,17.2593,70.9412
12.0894,17.4736,70.437
12.1131,17.5786,70.3083
11.9091,17.5871,70.5038
11.9315,17.7027,70.3659
11.9627,17.8128,70.2245
11.9485,17.8861,70.1654
11.9858,17.9957,70.0185
12.0465,18.1075,69.846
12.0529,18.2152,69.7319
12.1671,18.3302,69.5027
12.2351,18.4228,69.3422
12.3629,18.5227,69.1144
12.2003,18.5979,69.2018
12.2477,18.6957,69.0566
12.535,18.7863,68.6787
12.4434,18.846,68.7106
12.5719,18.96,68.4681
12.7596,19.0738,68.1665
12.8639,19.1553,67.9808
12.8535,19.2232,67.9232
12.9142,19.3031,67.7827
13.1153,19.3795,67.5051
13.1641,19.461,67.3749
13.2166,19.5488,67.2346
13.2827,19.6593,67.058
13.3234,19.7398,66.9368
13.4162,19.8004,66.7834
13.4774,19.84,66.6826
13.4927,19.9102,66.597
13.647,19.9643,66.3886
13.6832,19.9975,66.3194
13.7517,19.9805,66.2678
13.7607,20.0136,66.2257
13.8012,20.0501,66.1487
13.8714,20.123,66.0056
13.9522,20.2221,65.8257
14.0638,20.2597,65.6765
14.2359,20.3492,65.4149
14.33,20.4708,65.1991
14.4588,20.5549,64.9863
14.5301,20.6081,64.8618
14.6766,20.6086,64.7148
14.7605,20.7014,64.5382
14.8248,20.7267,64.4485
14.917,20.7425,64.3406
15.0068,20.7658,64.2274
15.0928,20.8425,64.0647
15.1939,20.8792,63.9269
15.2811,20.9116,63.8073
15.3535,20.9839,63.6626
15.4459,21.0461,63.508
15.5114,21.1007,63.3879
15.6085,21.1101,63.2814
15.7288,21.198,63.0732
15.8543,21.2649,62.8808
15.9907,21.366,62.6433
16.0745,21.3861,62.5394
16.176,21.4116,62.4125
16.2926,21.4902,62.2172
16.4159,21.5665,62.0176
16.5211,21.6102,61.8687
16.6122,21.6434,61.7445
16.6987,21.694,61.6073
16.767,21.7131,61.5199
16.8829,21.7886,61.3285
16.9982,21.8434,61.1584
17.1074,21.8887,61.004
17.1704,21.9154,60.9141
17.2336,21.928,60.8384
17.2625,21.9286,60.8089
17.2951,21.941,60.7638
17.3531,21.9464,60.7005
17.4469,21.9829,60.5702
17.4934,22.0012,60.5054
17.5889,22.044,60.3671
17.6885,22.1113,60.2002
17.7289,22.1289,60.1422
17.7744,22.1427,60.0829
17.8642,22.1612,59.9746
17.8919,22.1743,59.9339
18.0139,22.2126,59.7735
18.0528,22.2355,59.7117
18.1024,22.2585,59.6392
18.1256,22.2742,59.6002
18.2169,22.3004,59.4827
18.31,22.3434,59.3465
18.3381,22.3432,59.3186
18.4094,22.3726,59.218
18.5237,22.4208,59.0555
18.6044,22.4504,58.9452
18.6075,22.4362,58.9562
18.6696,22.4593,58.871
18.6957,22.458,58.8463
18.6919,22.4315,58.8766
18.7483,22.455,58.7967
18.7767,22.4602,58.7631
18.792,22.4548,58.7532
18.8737,22.4678,58.6585
18.9256,22.4939,58.5806
18.9708,22.521,58.5082
19.0403,22.5307,58.429
19.1325,22.5498,58.3176
19.2451,22.5745,58.1803
19.2749,22.5909,58.1343
19.302,22.6016,58.0964
19.3403,22.6067,58.053
19.4105,22.6274,57.962
19.4507,22.6598,57.8895
19.5088,22.689,57.8022
19.5279,22.6904,57.7817
19.6373,22.7123,57.6504
19.6672,22.7331,57.5996
19.7656,22.7664,57.468
19.8028,22.7565,57.4407
19.7979,22.7366,57.4654
19.8506,22.7352,57.4141
19.894,22.7391,57.3669
19.9062,22.7141,57.3797
19.9342,22.7148,57.351
19.945,22.7307,57.3243
19.987,22.7455,57.2675
19.9711,22.735,57.2939
19.9648,22.7135,57.3216
19.9892,22.7172,57.2935
20.0234,22.7163,57.2604
20.0662,22.7181,57.2157
20.0547,22.7459,57.1994
20.1169,22.7869,57.0962
20.1806,22.8002,57.0192
20.2183,22.8157,56.9659
20.2668,22.8132,56.92
20.3091,22.823,56.8679
20.3675,22.824,56.8085
20.4175,22.8483,56.7342
20.4572,22.8695,56.6733
20.452,22.8684,56.6796
20.48,22.8735,56.6465
20.5471,22.8728,56.5801
20.5744,22.8811,56.5445
20.6008,22.8934,56.5058
20.6391,22.8676,56.4933
20.6365,22.8786,56.4849
20.6554,22.8724,56.4722
20.6362,22.861,56.5029
23.7319,21.4169,54.8512
23.6002,21.4064,54.9933
23.3322,21.3324,55.3354
23.0294,21.2325,55.7381
22.6976,21.1252,56.1772
22.3834,21.0151,56.6015
22.0468,20.8987,57.0545
21.6948,20.7775,57.5277
21.325,20.6495,58.0255
21.0055,20.5308,58.4637
20.6003,20.3902,59.0096
20.2489,20.2782,59.4729
19.916,20.1782,59.9058
19.5937,20.1013,60.3049
19.3542,20.0497,60.5962
19.081,20.0089,60.9102
18.8564,19.9965,61.1471
18.6428,19.9903,61.3669
18.4905,20.0009,61.5085
18.2756,19.9998,61.7246
18.0471,19.9842,61.9687
17.8318,19.9934,62.1748
17.6192,19.9942,62.3866
17.41,19.9673,62.6227
17.1859,19.9449,62.8692
16.9439,19.9184,63.1377
15.1697,18.8984,65.932
13.7105,18.0635,68.2259
13.4039,18.0156,68.5805
13.0182,17.9741,69.0078
12.4538,17.7844,69.7618
12.2854,17.8304,69.8842
12.2724,17.9375,69.7901
12.2165,18.0064,69.7771
12.0755,18.065,69.8594
12.09,18.1887,69.7214
11.983,18.2508,69.7662
11.8473,18.2905,69.8621
11.8974,18.434,69.6685
12.0325,18.5948,69.3727
12.1698,18.7362,69.0941
12.1881,18.8197,68.9922
12.2437,18.9184,68.8379
12.2302,18.9891,68.7807
12.2795,19.0889,68.6317
12.3463,19.1938,68.4599
12.4044,19.2884,68.3073
12.4936,19.4063,68.1001
12.5482,19.4656,67.9861
12.565,19.5383,67.8967
12.718,19.6586,67.6234
12.8321,19.7728,67.3951
12.8332,19.8131,67.3536
13.0327,19.9298,67.0375
13.2596,20.0619,66.6785
13.317,20.1223,66.5607
13.3313,20.1613,66.5074
13.4329,20.2256,66.3415
13.5172,20.2978,66.185
13.6353,20.3878,65.9769
13.6952,20.4521,65.8527
13.8215,20.5252,65.6533
13.9835,20.619,65.3975
14.1063,20.7022,65.1915
14.2304,20.7655,65.0042
14.2351,20.7879,64.977
14.3826,20.8584,64.759
14.5045,20.9168,64.5787
14.628,20.9894,64.3826
14.7424,21.0418,64.2159
14.8728,21.0988,64.0283
14.9545,21.1508,63.8947
15.032,21.1908,63.7771
15.0823,21.2163,63.7014
15.0949,21.2326,63.6724
15.2471,21.2874,63.4655
15.2616,21.3048,63.4337
15.3645,21.3502,63.2853
15.4021,21.3729,63.225
15.5576,21.4358,63.0066
15.6488,21.4736,62.8776
15.7396,21.5201,62.7403
15.801,21.547,62.652
15.8734,21.5842,62.5424
16.0644,21.6499,62.2857
16.1184,21.6681,62.2135
16.1268,21.6735,62.1997
16.2353,21.7062,62.0585
16.328,21.7327,61.9393
16.3846,21.7596,61.8558
16.4796,21.8043,61.7161
16.5768,21.8413,61.5819
16.668,21.8831,61.4489
16.7843,21.9174,61.2982
16.8808,21.9553,61.1639
16.9903,22.0082,61.0015
17.0579,22.0268,60.9154
17.1421,22.0544,60.8035
17.2426,22.0911,60.6663
17.3237,22.1135,60.5628
17.401,22.1415,60.4575
17.4862,22.1712,60.3426
17.5485,22.18,60.2715
17.6208,22.2009,60.1783
17.6845,22.2254,60.0902
17.7442,22.2407,60.0152
17.8404,22.2624,59.8972
17.9009,22.2869,59.8121
17.9902,22.3152,59.6946
18.0875,22.3339,59.5786
18.1733,22.3686,59.458
18.2213,22.3795,59.3992
18.2852,22.4064,59.3084
18.3368,22.4126,59.2505
18.4079,22.4329,59.1592
18.5369,22.4706,58.9926
18.606,22.493,58.901
18.6555,22.5136,58.8309
18.7289,22.5222,58.7489
18.7941,22.5398,58.6661
18.8463,22.5539,58.5998
18.9294,22.5762,58.4944
19.0028,22.5984,58.3988
19.0522,22.6124,58.3354
19.1728,22.6392,58.1879
19.2037,22.648,58.1482
19.2863,22.6643,58.0494
19.3446,22.6799,57.9755
19.4655,22.7159,57.8186
19.4972,22.7279,57.7749
19.5422,22.7332,57.7246
19.6043,22.7528,57.6429
19.6594,22.7639,57.5767
19.7061,22.7734,57.5205
19.7956,22.8028,57.4016
19.8704,22.8198,57.3098
19.9213,22.8382,57.2405
19.952,22.8383,57.2097
19.9999,22.8554,57.1447
20.0867,22.8714,57.042
20.1212,22.8819,56.9969
20.1466,22.8958,56.9576
20.1946,22.8997,56.9057
20.265,22.9128,56.8222
20.2433,22.914,56.8426
20.3082,22.9305,56.7613
20.3387,22.9434,56.7179
20.3787,22.9407,56.6807
20.3857,22.9318,56.6825
20.4635,22.9494,56.5871
20.4962,22.9455,56.5584
20.5573,22.9709,56.4719
20.5552,22.9726,56.4722
20.6055,22.9866,56.4079
20.6418,22.9787,56.3795
20.6813,22.9883,56.3304
20.7158,23.0006,56.2836
20.7234,23.0015,56.2751
20.7894,23.0149,56.1957
20.8328,23.0242,56.1431
20.8781,23.0294,56.0924
20.9245,23.0432,56.0322
20.9647,23.0569,55.9784
21.0274,23.0658,55.9068
21.0426,23.0653,55.8922
21.0926,23.0764,55.8311
21.1405,23.0784,55.7812
21.2049,23.0902,55.7049
21.2068,23.0868,55.7064
21.232,23.0963,55.6718
21.2687,23.1011,55.6302
21.2972,23.1046,55.5982
21.3189,23.1038,55.5773
21.3474,23.1042,55.5484
21.3798,23.1159,55.5043
21.3852,23.116,55.4988
21.4314,23.1182,55.4505
21.4455,23.1261,55.4284
21.4804,23.1315,55.3881
21.5099,23.1353,55.3548
34.9331,24.4193,40.6476
35.4333,24.6855,39.8812
35.7435,24.8444,39.4121
21.7361,20.1812,58.0827
27.1052,22.0928,50.802
27.0846,22.151,50.7644
25.1219,21.4104,53.4676
27.2485,22.5395,50.212
27.1301,22.6894,50.1805
27.0503,22.8125,50.1373
26.6925,22.7961,50.5113
26.1365,22.7165,51.147
25.3745,22.5777,52.0478
24.6467,22.4585,52.8948
23.9612,22.3341,53.7047
23.3694,22.2296,54.401
22.9729,22.1682,54.8589
22.6198,22.1117,55.2686
22.3467,22.0668,55.5865
22.046,22.0015,55.9525
21.7472,21.9141,56.3388
21.4164,21.805,56.7786
21.0733,21.6792,57.2475
20.5312,21.4827,57.9861
19.9202,21.2516,58.8282
19.4138,21.0562,59.53
18.7207,20.7269,60.5524
18.661,20.7868,60.5522
18.0843,20.5324,61.3833
18.1373,20.6523,61.2104
18.9496,21.2009,59.8494
18.6709,21.1623,60.1668
18.3008,21.079,60.6202
17.1599,20.596,62.2441
16.1781,20.1937,63.6283
14.1045,19.1042,66.7913
14.4105,19.346,66.2435
13.7098,18.9833,67.3069
14.4566,19.3989,66.1444
16.8618,20.6479,62.4903
15.5169,20.1481,64.335
14.0804,19.5508,66.3688
13.5357,19.3199,67.1445
14.3827,19.8129,65.8044
13.5774,19.4701,66.9525
13.9914,19.7704,66.2381
13.9825,19.8271,66.1904
13.995,19.9009,66.104
13.3169,19.6584,67.0248
13.4091,19.7539,66.837
13.4672,19.8536,66.6793
13.5749,19.9538,66.4713
13.5647,20.0076,66.4277
13.7106,20.105,66.1843
13.7573,20.1666,66.0761
13.8412,20.2438,65.915
13.8897,20.2943,65.816
13.9947,20.37,65.6352
14.0928,20.4583,65.4489
14.1736,20.5225,65.3038
14.2482,20.5878,65.164
14.3286,20.639,65.0323
14.4397,20.7023,64.8579
14.5128,20.7541,64.7331
14.554,20.7824,64.6636
14.6048,20.8089,64.5863
14.6939,20.8506,64.4554
14.7214,20.874,64.4046
14.7697,20.9056,64.3247
14.8113,20.9355,64.2532
14.8557,20.9711,64.1732
14.9616,21.0094,64.029
15.0189,21.041,63.9401
15.0799,21.08,63.8401
15.1864,21.1393,63.6744
15.2905,21.185,63.5245
15.3658,21.2296,63.4046
15.4414,21.2608,63.2979
15.5118,21.3015,63.1867
15.6229,21.3534,63.0237
15.7101,21.4028,62.8871
15.8015,21.4424,62.7561
15.8842,21.4873,62.6285
15.9556,21.5233,62.5211
16.0578,21.5532,62.389
16.1201,21.5788,62.3011
16.179,21.6082,62.2128
16.2666,21.6529,62.0805
16.3885,21.692,61.9196
16.4662,21.7168,61.8169
16.5546,21.7631,61.6824
16.6021,21.771,61.6269
16.6927,21.8189,61.4884
16.7988,21.8605,61.3407
16.86,21.8895,61.2505
16.898,21.8995,61.2025
16.9867,21.9304,61.0828
17.0968,21.9725,60.9307
17.1835,22.0001,60.8164
17.2405,22.0225,60.7369
17.303,22.0496,60.6474
17.4355,22.1007,60.4638
17.5387,22.1457,60.3156
17.6147,22.1892,60.1962
17.6735,22.2075,60.119
17.7715,22.244,59.9846
17.8085,22.2524,59.9391
17.8568,22.2665,59.8767
17.8917,22.2742,59.8341
17.9767,22.3016,59.7217
18.0318,22.3123,59.6559
18.0641,22.3153,59.6207
18.1266,22.3381,59.5353
18.2007,22.3706,59.4287
18.2567,22.3854,59.3579
18.3208,22.4116,59.2677
18.3537,22.4146,59.2317
18.4096,22.4233,59.1671
18.4842,22.4472,59.0686
18.5409,22.4656,58.9935
18.5873,22.4858,58.9269
18.6385,22.5049,58.8567
18.6885,22.5222,58.7893
18.8001,22.5679,58.632
18.8094,22.5574,58.6332
18.8363,22.5596,58.6041
18.8855,22.5826,58.5318
18.9721,22.6026,58.4254
18.965,22.5912,58.4438
19.0164,22.6058,58.3778
19.0412,22.6076,58.3512
19.0962,22.6079,58.2959
19.1615,22.6348,58.2037
19.1983,22.6539,58.1478
19.2735,22.6734,58.0531
19.2472,22.6593,58.0934
19.2818,22.6617,58.0565
19.3426,22.6696,57.9879
19.4151,22.7045,57.8804
19.4724,22.723,57.8046
19.4939,22.7266,57.7795
19.5126,22.7223,57.7651
19.5583,22.7357,57.706
19.618,22.7573,57.6248
19.6958,22.7905,57.5137
19.758,22.8042,57.4379
19.7646,22.7965,57.4389
19.87,22.8128,57.3172
19.8868,22.8328,57.2804
19.9281,22.8371,57.2348
19.9664,22.8538,57.1798
19.9261,22.8151,57.2588
19.9537,22.837,57.2093
20.0238,22.8502,57.126
20.065,22.8679,57.0672
20.0271,22.8451,57.1277
20.0787,22.8623,57.059
20.1219,22.8711,57.007
20.2549,22.9088,56.8363
20.2807,22.9195,56.7998
20.3575,22.9397,56.7028
20.3459,22.9341,56.72
20.3906,22.9474,56.662
20.4034,22.9403,56.6563
20.3983,22.9363,56.6654
20.4689,22.9578,56.5733
20.5084,22.9642,56.5273
20.611,22.9957,56.3934
20.6786,23.0284,56.293
20.7343,23.0464,56.2193
20.781,23.0582,56.1609
20.8097,23.0517,56.1386
20.8109,23.051,56.1382
20.7851,23.0405,56.1745
20.8038,23.0345,56.1616
20.797,23.0382,56.1647
20.7994,23.0291,56.1715
20.856,23.0472,56.0968
20.8279,23.0404,56.1317
20.8484,23.0452,56.1064
25.8552,22.1158,52.029
25.7594,22.1482,52.0924
25.5874,22.1649,52.2477
25.4148,22.1898,52.3954
25.2915,22.2269,52.4816
25.1807,22.2667,52.5526
25.055,22.2943,52.6507
24.9193,22.328,52.7528
24.8349,22.3564,52.8087
24.6752,22.346,52.9788
24.5084,22.3279,53.1638
24.3176,22.2962,53.3862
24.1092,22.2551,53.6357
23.9431,22.2129,53.844
23.7015,22.1509,54.1477
23.4205,22.0658,54.5138
23.1228,21.9766,54.9006
22.8815,21.9005,55.2179
22.57,21.7976,55.6324
22.2713,21.6883,56.0405
21.974,21.5964,56.4296
21.6737,21.5075,56.8187
21.4508,21.442,57.1073
21.1447,21.3486,57.5067
20.826,21.2425,57.9314
20.3932,21.0355,58.5714
20.0586,20.8576,59.0838
19.7426,20.7214,59.5359
19.3584,20.5444,60.0972
18.9375,20.3486,60.7139
18.5242,20.1635,61.3123
18.18,20.0086,61.8114
17.7486,19.8178,62.4336
17.3795,19.6782,62.9423
17.028,19.5487,63.4234
16.7902,19.4681,63.7417
16.5184,19.3873,64.0943
16.2237,19.3033,64.473
15.9616,19.2322,64.8062
15.6172,19.1078,65.275
15.4073,19.0539,65.5388
15.1927,19.0212,65.7861
14.9206,18.9723,66.1071
14.6942,18.9366,66.3691
14.5877,18.9551,66.4573
14.4647,18.9684,66.5669
14.4091,19.0058,66.5852
14.3547,19.0307,66.6145
14.3815,19.0889,66.5295
14.3705,19.131,66.4985
14.3627,19.1792,66.4581
14.3484,19.2245,66.4271
14.3044,19.2561,66.4394
14.3695,19.3199,66.3105
14.4404,19.4029,66.1567
14.518,19.4706,66.0115
14.5313,19.5175,65.9513
14.5433,19.5837,65.873
14.4626,19.6327,65.9048
14.4624,19.7066,65.831
14.439,19.784,65.7769
14.4269,19.8571,65.716
14.4993,19.9458,65.5549
14.5249,20.0185,65.4567
14.5641,20.0903,65.3456
14.6012,20.1461,65.2527
14.6916,20.2068,65.1016
14.6779,20.2563,65.0658
14.6693,20.2867,65.0439
14.6788,20.3196,65.0016
14.6978,20.3545,64.9477
14.817,20.4279,64.755
14.9008,20.4677,64.6315
14.9751,20.5147,64.5102
15.074,20.5738,64.3521
15.122,20.6118,64.2662
15.1832,20.6479,64.1689
15.2413,20.6814,64.0773
15.2965,20.7285,63.975
15.4141,20.7871,63.7988
15.5135,20.8331,63.6534
15.5979,20.8737,63.5284
15.6742,20.9207,63.4051
15.8083,20.9833,63.2085
15.8855,21.0447,63.0698
15.981,21.1088,62.9102
16.0882,21.1846,62.7272
16.2009,21.2537,62.5454
16.29,21.3168,62.3932
16.3766,21.3647,62.2587
16.4603,21.4207,62.119
16.5433,21.4666,61.9902
16.6635,21.5211,61.8154
16.7369,21.5711,61.692
16.8131,21.61,61.5768
16.8916,21.6425,61.4659
17.0247,21.7066,61.2687
17.1072,21.7451,61.1477
17.1802,21.7922,61.0276
17.2745,21.8296,60.8959
17.3328,21.8559,60.8113
17.4282,21.878,60.6938
17.481,21.8981,60.6208
17.5223,21.9146,60.5631
17.5635,21.9169,60.5196
17.6441,21.9351,60.4209
17.6776,21.9428,60.3796
17.7461,21.9727,60.2812
17.7744,21.9813,60.2443
17.8182,22.0009,60.181
17.8732,22.0166,60.1102
17.9051,22.0222,60.0727
17.9799,22.0634,59.9567
18.0448,22.089,59.8662
18.1196,22.1082,59.7721
18.147,22.1076,59.7455
18.1453,22.0942,59.7605
18.003,21.9848,60.0122
18.0286,22.0113,59.9601
18.1334,22.0617,59.8049
18.1565,22.029,59.8146
18.2867,22.0781,59.6352
18.3341,22.0954,59.5705
18.376,22.1425,59.4815
18.489,22.1937,59.3173
18.5544,22.239,59.2066
18.5562,22.234,59.2098
18.5963,22.2493,59.1545
18.5834,22.2289,59.1877
18.5866,22.2338,59.1796
18.5606,22.2209,59.2185
18.578,22.2428,59.1792
18.5925,22.2304,59.1772
18.6379,22.2437,59.1184
18.6649,22.2591,59.0759
18.7782,22.3114,58.9104
18.8864,22.3507,58.7629
18.9316,22.3424,58.726
18.928,22.3461,58.7259
19.0459,22.42,58.5341
19.1327,22.4567,58.4106
19.28,22.5121,58.2078
19.3459,22.51,58.1441
19.3622,22.5079,58.1299
19.4402,22.5423,58.0175
19.5167,22.5763,57.9069
19.553,22.5926,57.8544
19.6193,22.6333,57.7474
19.6506,22.6401,57.7094
19.6765,22.6221,57.7014
19.7643,22.637,57.5987
19.7762,22.6344,57.5893
19.8285,22.6585,57.513
19.8522,22.6677,57.4801
19.9379,22.6822,57.3799
19.952,22.6612,57.3869
19.9858,22.7337,57.2805
20.0114,22.7262,57.2625
20.0368,22.7238,57.2394
20.0893,22.7516,57.1591
20.0968,22.7459,57.1574
20.1454,22.7777,57.0769
20.1558,22.7757,57.0686
20.1976,22.7643,57.0381
20.2343,22.7812,56.9846
20.2722,22.8075,56.9203
20.3142,22.8146,56.8712
20.3597,22.8236,56.8167
20.3887,22.8258,56.7854
20.4276,22.8301,56.7423
20.4555,22.8641,56.6804
20.4933,22.8924,56.6143
20.5454,22.9021,56.5525
20.5968,22.8995,56.5037
20.6428,22.914,56.4432
20.6862,22.9274,56.3864
20.7342,22.9408,56.325
20.7744,22.936,56.2895
20.8426,22.9819,56.1755
20.8926,23.001,56.1064
23.0571,20.4188,56.524
22.8646,20.4776,56.6578
22.5783,20.5045,56.9172
22.2753,20.5215,57.2032
21.936,20.5061,57.5578
21.7099,20.5069,57.7832
21.4532,20.5116,58.0351
21.2287,20.5284,58.2429
21.012,20.556,58.4319
20.8623,20.5844,58.5532
20.679,20.6114,58.7096
20.5021,20.6428,58.8551
20.352,20.6933,58.9547
20.1952,20.7461,59.0586
20.1063,20.807,59.0867
20.0132,20.8821,59.1047
19.9318,20.9716,59.0967
19.7508,20.9985,59.2507
19.5886,21.0187,59.3927
19.406,21.0454,59.5486
19.3002,21.1103,59.5895
19.2271,21.1939,59.579
19.1857,21.2799,59.5344
19.2031,21.3807,59.4162
19.1678,21.4522,59.38
18.9022,21.375,59.7228
13.8982,18.1408,67.961
11.2349,16.4854,72.2798
10.9178,16.4453,72.6369
10.4066,16.3634,73.23
10.0069,16.2844,73.7087
10.0351,16.4928,73.4721
10.0958,16.6957,73.2086
10.1601,16.9116,72.9282
10.2638,17.1131,72.6231
10.3666,17.3079,72.3254
10.5349,17.5342,71.9308
10.6287,17.7157,71.6556
10.731,17.8839,71.3852
10.8439,18.0583,71.0978
10.9905,18.2325,70.7771
11.1269,18.3922,70.4809
11.3077,18.5578,70.1345
11.4359,18.7199,69.8443
11.6114,18.8805,69.508
11.7752,19.0519,69.1729
11.907,19.1999,68.8932
12.0362,19.3284,68.6355
12.1755,19.4673,68.3573
12.3619,19.6089,68.0292
12.5257,19.7282,67.7461
12.6559,19.8291,67.515
12.7935,19.9233,67.2832
12.955,20.0331,67.0119
13.0798,20.1257,66.7945
13.2104,20.2199,66.5697
13.3267,20.3012,66.3721
13.463,20.3878,66.1492
13.5982,20.4692,65.9326
13.7275,20.5465,65.726
13.8749,20.6412,65.4839
14.009,20.7179,65.2731
14.1679,20.8036,65.0284
14.2708,20.8615,64.8677
14.3876,20.9314,64.6811
14.4868,20.9886,64.5247
14.5738,21.0309,64.3953
14.7223,21.0927,64.1849
14.8038,21.1458,64.0504
14.8731,21.1888,63.9381
14.9697,21.2306,63.7997
15.0403,21.2544,63.7053
15.1104,21.2945,63.5952
15.2057,21.3366,63.4577
15.2671,21.3609,63.372
15.3532,21.3998,63.247
15.5548,21.489,62.9562
15.6467,21.529,62.8243
15.7876,21.5993,62.6131
15.8961,21.6404,62.4635
16.0178,21.6844,62.2977
16.1034,21.7207,62.1758
16.2059,21.7575,62.0366
16.2923,21.7966,61.9111
16.4166,21.8421,61.7413
16.5662,21.8912,61.5426
16.6652,21.927,61.4078
16.7844,21.9722,61.2434
16.8717,21.9976,61.1306
17.0114,22.0546,60.934
17.1037,22.0831,60.8131
17.1893,22.1162,60.6946
17.2579,22.1415,60.6006
17.3267,22.1661,60.5073
17.4829,22.2155,60.3016
17.5485,22.2371,60.2144
17.6339,22.262,60.1042
17.7123,22.2892,59.9986
17.8011,22.3232,59.8757
17.8221,22.3274,59.8506
17.8856,22.3439,59.7705
17.938,22.3671,59.6949
18.0053,22.3894,59.6052
18.1443,22.4284,59.4274
18.4731,22.5308,58.9961
18.264,22.4626,59.2735
18.3419,22.4829,59.1753
18.4196,22.5023,59.0781
18.44,22.5111,59.0489
18.5112,22.5305,58.9583
18.5748,22.5465,58.8786
18.63,22.5594,58.8106
18.7136,22.5843,58.7021
18.7715,22.597,58.6315
18.8413,22.6191,58.5397
18.905,22.6371,58.458
18.998,22.6549,58.3472
19.0528,22.6753,58.2719
19.1175,22.6939,58.1886
19.1703,22.7076,58.1221
19.2117,22.7139,58.0744
19.3148,22.7376,57.9476
19.3761,22.7556,57.8683
19.4369,22.7744,57.7887
19.456,22.7773,57.7667
19.5191,22.7905,57.6904
19.5661,22.803,57.6309
19.6374,22.8124,57.5502
19.6971,22.8315,57.4714
19.7333,22.8382,57.4285
19.8376,22.8572,57.3052
19.8821,22.8718,57.2461
19.9404,22.8792,57.1804
20.0109,22.9046,57.0845
20.0467,22.9056,57.0477
20.1214,22.9291,56.9495
20.1824,22.9413,56.8763
20.2433,22.9555,56.8012
20.2678,22.9567,56.7754
20.2967,22.9652,56.7382
20.3335,22.9745,56.692
20.4136,22.9918,56.5946
20.4455,22.9987,56.5558
20.4848,23.0013,56.5139
20.5531,23.0174,56.4295
20.5911,23.0187,56.3902
20.6492,23.0378,56.313
20.6998,23.0392,56.2611
20.7374,23.0535,56.2091
20.7962,23.0635,56.1404
20.8769,23.0813,56.0418
20.9719,23.0913,55.9368
20.9869,23.096,55.9171
21.054,23.1058,55.8401
21.039,23.1082,55.8529
21.1014,23.1215,55.7771
21.1424,23.126,55.7316
21.1523,23.1356,55.7121
21.1599,23.126,55.714
21.2724,23.1534,55.5742
21.2681,23.1516,55.5803
21.2849,23.152,55.5631
21.2376,23.1355,55.6269
21.399,23.1708,55.4302
21.3072,23.1544,55.5384
21.4145,23.1672,55.4183
21.5258,23.1869,55.2874
21.6035,23.1957,55.2008
21.5363,23.191,55.2727
21.4774,23.1756,55.347
21.6336,23.199,55.1675
21.6883,23.2098,55.1019
21.6492,23.2036,55.1471
21.7354,23.2155,55.0492
21.8247,23.2337,54.9416
21.7827,23.2239,54.9934
21.7841,23.2258,54.9902
21.837,23.2296,54.9334
21.9112,23.2421,54.8466
21.9162,23.2313,54.8525
24.0514,20.7162,55.2324
24.3859,21.0732,54.5408
24.6685,21.3999,53.9316
24.7696,21.612,53.6184
24.7461,21.7432,53.5106
24.6034,21.8184,53.5782
24.373,21.8718,53.7553
24.086,21.8929,54.0212
23.8098,21.9202,54.27
23.6409,21.9568,54.4024
23.4774,22.003,54.5196
23.2853,22.0196,54.6951
23.049,22.0042,54.9469
22.832,21.9898,55.1782
22.6136,21.9809,55.4056
22.458,21.9824,55.5596
22.3374,21.9998,55.6629
22.2321,22.0083,55.7596
22.1379,22.0035,55.8586
21.9746,21.9796,56.0458
21.7984,21.9421,56.2595
21.612,21.9126,56.4754
21.4873,21.8909,56.6217
21.3476,21.8634,56.7889
21.185,21.8166,56.9984
21.0068,21.7689,57.2244
20.8854,21.7363,57.3783
20.8544,21.7326,57.413
20.7651,21.7065,57.5284
20.7016,21.6991,57.5994
20.5321,21.6072,57.8606
20.3337,21.5222,58.1441
20.1626,21.453,58.3844
20.032,21.3985,58.5695
19.9452,21.3557,58.6992
19.8213,21.2894,58.8892
19.7077,21.2409,59.0514
19.5097,21.1613,59.329
19.3141,21.0944,59.5914
19.1729,21.068,59.759
19.0841,21.0358,59.8801
18.9494,20.9296,60.121
18.7989,20.8645,60.3366
18.9654,21.0111,60.0235
19.1066,21.1123,59.7811
18.8081,20.9543,60.2377
18.6975,20.9428,60.3597
18.3231,20.772,60.9048
18.0278,20.5938,61.3785
17.6095,20.3389,62.0516
17.4285,20.2463,62.3251
17.1548,20.1057,62.7394
17.0632,20.0971,62.8397
16.9559,20.0601,62.9839
17.1376,20.1901,62.6723
17.266,20.2961,62.4379
17.1325,20.2202,62.6473
17.0232,20.1712,62.8056
16.8867,20.1287,62.9847
16.8627,20.1605,62.9767
16.7013,20.1124,63.1863
16.6057,20.106,63.2883
16.6118,20.1199,63.2683
16.6154,20.1345,63.2501
16.6454,20.1503,63.2042
16.5183,20.067,63.4147
16.4821,20.0521,63.4659
16.4494,20.0514,63.4992
16.3633,20.0347,63.602
16.2893,20.0173,63.6935
16.2109,20.006,63.7831
16.1527,19.9903,63.857
16.077,19.9709,63.9522
16.089,20.0102,63.9007
16.0286,20.0222,63.9491
15.965,20.0116,64.0234
16.0683,20.0836,63.8481
16.0573,20.1079,63.8348
16.029,20.1188,63.8522
16.0463,20.148,63.8057
16.006,20.1363,63.8577
16.136,20.209,63.6551
16.1184,20.2091,63.6725
16.09,20.2268,63.6831
16.0536,20.226,63.7204
16.1733,20.3004,63.5263
16.1851,20.3211,63.4938
16.1887,20.3284,63.483
16.2443,20.3698,63.3859
16.3259,20.4266,63.2475
16.3669,20.4659,63.1673
16.2631,20.4318,63.3051
16.3027,20.4645,63.2328
16.4206,20.5184,63.0609
16.7059,20.6419,62.6522
16.6184,20.5889,62.7927
16.4237,20.5085,63.0678
16.6633,20.6369,62.6998
16.7849,20.7145,62.5006
16.7215,20.6978,62.5808
16.8054,20.756,62.4386
16.8892,20.7928,62.318
16.9968,20.8447,62.1585
17.0491,20.8923,62.0586
17.059,20.9239,62.0171
17.0087,20.926,62.0653
17.0589,20.9713,61.9699
17.0078,20.9567,62.0355
17.0921,20.9942,61.9137
17.0974,21.0008,61.9017
17.0168,20.9895,61.9937
17.0675,21.0126,61.9199
17.1529,21.0263,61.8207
17.2964,21.1065,61.5971
17.3277,21.1549,61.5174
17.3566,21.1801,61.4633
17.4303,21.197,61.3727
17.4425,21.1858,61.3717
17.5058,21.1846,61.3096
17.6666,21.2295,61.1039
17.6033,21.2275,61.1692
17.564,21.2674,61.1686
17.5198,21.2883,61.1919
17.55,21.3149,61.1351
17.5099,21.3073,61.1829
17.7356,21.39,60.8744
17.8068,21.4171,60.7761
17.6436,21.3925,60.9638
17.8308,21.4656,60.7036
17.8998,21.517,60.5832
17.9457,21.5239,60.5305
17.8609,21.5083,60.6308
17.9445,21.5438,60.5117
18.0452,21.5665,60.3883
18.1168,21.5932,60.29
18.1589,21.6373,60.2038
18.0964,21.6377,60.266
18.4283,21.7616,59.8101
18.1608,21.6941,60.1451
18.1257,21.7021,60.1721
18.3078,21.7615,59.9307
18.3847,21.794,59.8213
18.4238,21.8472,59.7291
18.332,21.8236,59.8444
18.4305,21.8443,59.7252
18.5284,21.862,59.6096
18.7026,21.9206,59.3768
18.7117,21.9488,59.3395
18.8231,22.0155,59.1614
18.6442,22.0134,59.3424
18.7456,22.0316,59.2227
18.8673,22.072,59.0606
18.7806,22.1157,59.1037
18.9559,22.1565,58.8876
18.9921,22.1789,58.829
19.066,22.2153,58.7187
19.1971,22.2418,58.5611
19.1869,22.2317,58.5814
19.2305,22.2255,58.544
19.44,22.2733,58.2868
19.4304,22.3201,58.2495
19.4294,22.3251,58.2455
19.4836,22.3323,58.1842
19.4904,22.312,58.1976
19.5959,22.3369,58.0672
19.6298,22.3457,58.0245
19.6245,22.3326,58.0428
19.8307,22.3881,57.7812
19.7664,22.3965,57.8371
19.6945,22.3701,57.9353
19.9645,22.4146,57.6209
19.8017,22.39,57.8083
19.9977,22.4576,57.5447
19.9026,22.4733,57.6241
20.0279,22.4818,57.4904
19.9593,22.5204,57.5202
20.022,22.5417,57.4364
20.0667,22.5338,57.3995
20.1582,22.5372,57.3046
20.2099,22.596,57.1941
23.3884,21.1547,55.4568
23.3269,21.277,55.3961
23.3563,21.4556,55.188
23.3037,21.5667,55.1296
23.0698,21.5654,55.3648
22.8013,21.5293,55.6694
22.4598,21.4557,56.0845
22.1039,21.3761,56.5201
21.7905,21.308,56.9014
21.4967,21.2453,57.258
21.285,21.2026,57.5124
21.0647,21.1628,57.7725
20.8822,21.1586,57.9593
20.7608,21.1728,58.0664
20.7103,21.2035,58.0862
20.5586,21.2078,58.2336
20.3413,21.1692,58.4895
20.0681,21.1018,58.8302
19.7413,21.0066,59.2522
19.4786,20.9267,59.5946
19.1607,20.8259,60.0133
18.8502,20.7349,60.415
18.5624,20.6464,60.7913
18.382,20.5792,61.0387
18.2539,20.5376,61.2084
18.2809,20.5468,61.1724
18.1719,20.412,61.4161
17.4927,19.7953,62.712
17.1107,19.5157,63.3736
16.8967,19.4397,63.6635
16.308,19.0654,64.6266
16.0732,18.88,65.0468
16.691,19.3269,63.9822
17.6897,20.2044,62.1059
17.0435,19.9425,63.0141
16.2066,19.5114,64.282
15.8846,19.4321,64.6833
15.3892,19.2774,65.3334
15.063,19.2355,65.7014
14.5521,19.0336,66.4143
13.8259,18.6326,67.5416
13.7912,18.6841,67.5247
14.0518,18.9674,66.9809
13.693,18.8747,67.4323
13.5879,18.9457,67.4664
13.2831,18.8835,67.8334
12.5795,18.5341,68.8864
12.4658,18.5768,68.9574
12.457,18.6575,68.8855
12.5128,18.758,68.7292
12.6043,18.8691,68.5266
12.6387,18.9515,68.4098
12.6841,19.0481,68.2678
12.75,19.1346,68.1154
12.8117,19.2246,67.9637
12.9479,19.3412,67.7109
12.9994,19.4092,67.5914
13.067,19.4867,67.4462
13.1018,19.5581,67.3402
13.1945,19.6703,67.1352
13.2426,19.7504,67.0069
13.3478,19.834,66.8182
13.3907,19.8913,66.718
13.4771,19.9719,66.551
13.5561,20.0388,66.4051
13.6163,20.0819,66.3017
13.6629,20.1324,66.2047
13.6941,20.1689,66.137
13.7296,20.1897,66.0807
13.8483,20.2583,65.8934
14.6731,20.6985,64.6284
14.1524,20.4265,65.4211
14.4913,20.5814,64.9272
14.8312,20.7284,64.4404
15.8741,21.213,62.9129
16.4299,21.4817,62.0884
15.1372,20.9261,63.9367
14.9316,20.8382,64.2302
15.0271,20.9042,64.0686
14.9426,20.8925,64.1649
15.0083,20.9391,64.0525
15.0594,20.9819,63.9587
15.1903,21.0461,63.7637
15.239,21.0738,63.6872
15.343,21.1198,63.5372
15.413,21.1546,63.4324
15.5772,21.2308,63.192
15.6889,21.2754,63.0357
15.6973,21.2862,63.0165
15.698,21.3063,62.9957
15.6784,21.2851,63.0365
15.8241,21.3246,62.8513
15.9934,21.3952,62.6114
16.146,21.4805,62.3735
16.0107,21.4247,62.5646
16.1859,21.5134,62.3007
16.1411,21.4869,62.372
16.2207,21.5258,62.2535
16.3662,21.5919,62.0418
16.3277,21.581,62.0914
16.3967,21.612,61.9913
16.4618,21.6414,61.8968
16.5586,21.6853,61.7561
16.711,21.7535,61.5355
16.7193,21.753,61.5277
16.8366,21.8025,61.3609
16.9879,21.8547,61.1574
17.3575,21.9781,60.6644
17.6532,22.0862,60.2606
17.6504,22.0869,60.2627
17.3185,21.9671,60.7144
17.2298,21.9392,60.8311
17.3359,21.992,60.6721
17.3939,22.0224,60.5837
17.47,22.0512,60.4788
17.5424,22.071,60.3866
17.6347,22.0859,60.2794
17.6911,22.1086,60.2003
17.8278,22.1605,60.0117
17.9763,22.2161,59.8076
17.9625,22.2124,59.8251
17.9272,22.1871,59.8857
18.007,22.2137,59.7794
18.102,22.2505,59.6476
18.1517,22.2734,59.5749
18.207,22.2965,59.4965
18.3112,22.3414,59.3475
18.4438,22.3709,59.1852
18.5167,22.3955,59.0878
18.4939,22.3811,59.125
18.6719,22.4369,58.8912
18.6903,22.458,58.8517
18.797,22.491,58.712
18.8157,22.5037,58.6806
18.833,22.5048,58.6622
18.86,22.495,58.645
18.9288,22.5324,58.5389
18.9757,22.5488,58.4755
19.0375,22.568,58.3946
19.0519,22.5617,58.3865
19.1755,22.5924,58.2321
19.2549,22.6093,58.1357
19.3012,22.6189,58.0798
19.3064,22.6001,58.0935
19.3129,22.6034,58.0836
19.258,22.5851,58.157
19.3374,22.6146,58.048
19.3424,22.6275,58.0301
19.2826,22.6057,58.1117
19.3607,22.6311,58.0082
19.4691,22.6639,57.867
19.549,22.6702,57.7808
19.638,22.7055,57.6565
19.648,22.7194,57.6325
19.6243,22.7073,57.6684
19.6703,22.7066,57.6232
19.7587,22.7282,57.5131
19.8567,22.7394,57.4039
19.935,22.7577,57.3072
19.9061,22.7472,57.3468
19.8909,22.7529,57.3562
20.0139,22.7742,57.2119
20.0791,22.7916,57.1293
20.1727,22.8088,57.0185
20.0926,22.7804,57.127
20.1961,22.8155,56.9884
20.0763,22.7631,57.1607
20.0201,22.7504,57.2295
20.1297,22.8044,57.0659
20.2182,22.8399,56.9419
20.3084,22.8689,56.8227
20.3799,22.8936,56.7265
20.3748,22.8891,56.7361
20.3389,22.879,56.782
20.4524,22.9164,56.6312
20.3784,22.8884,56.7333
20.48,22.9195,56.6005
20.4054,22.8895,56.7051
20.5604,22.9493,56.4903
20.6135,22.9579,56.4286
24.6842,21.6465,53.6693
24.8553,21.9237,53.221
24.9163,22.1444,52.9393
24.9499,22.3532,52.697
24.964,22.5507,52.4852
25.0163,22.7286,52.2551
24.9041,22.8185,52.2775
24.6852,22.8323,52.4825
24.4414,22.7995,52.759
24.2693,22.7857,52.945
24.0645,22.7666,53.1689
23.8894,22.7569,53.3537
23.7076,22.7449,53.5475
23.5925,22.7698,53.6377
23.4979,22.7683,53.7338
23.4712,22.8315,53.6973
23.317,22.8255,53.8575
22.941,22.6802,54.3788
22.6558,22.5809,54.7634
22.303,22.4614,55.2356
21.9527,22.3491,55.6983
21.34,22.1009,56.5591
20.4919,21.7642,57.7439
19.9409,21.5637,58.4954
18.5647,20.95,60.4853
17.2393,20.3751,62.3857
15.7422,19.7665,64.4914
17.0267,20.4966,62.4766
15.0762,19.7757,65.148
15.1867,19.948,64.8654
14.7745,19.8705,65.355
18.7024,21.5842,59.7134
19.8586,22.0727,58.0687
19.9787,22.2173,57.804
20.9131,22.5696,56.5173
21.7728,22.8671,55.3601
22.4122,23.073,54.5148
22.7884,23.1904,54.0212
22.818,23.2048,53.9772
22.2411,23.067,54.6919
22.1098,23.0577,54.8325
22.1207,23.0908,54.7885
22.0964,23.0909,54.8127
22.1634,23.109,54.7277
21.0829,22.8676,56.0494
18.9294,22.3307,58.7399
17.171,21.8445,60.9845
17.0853,21.8693,61.0454
17.0835,21.8759,61.0406
18.5778,22.3643,59.0579
19.9882,22.7839,57.2278
21.3117,23.0628,55.6255
19.9821,22.8078,57.2101
19.3002,22.6602,58.0395
20.0502,22.8315,57.1183
19.751,22.7605,57.4884
19.566,22.6983,57.7357
19.3841,22.7224,57.8935
19.4048,22.7619,57.8333
19.0914,22.6706,58.2381
18.0686,22.3983,59.5331
18.5206,22.5037,58.9757
18.7116,22.5587,58.7298
18.9693,22.6409,58.3898
19.1971,22.696,58.1069
18.7957,22.6127,58.5916
17.9197,22.4093,59.6709
18.3609,22.4955,59.1436
18.3638,22.5384,59.0978
17.6969,22.4194,59.8837
17.5446,22.3852,60.0702
17.9074,22.4987,59.5939
19.7002,22.8551,57.4446
20.2234,22.9881,56.7886
21.4378,23.189,55.3732
22.3598,23.3877,54.2525
22.5072,23.4826,54.0102
22.9383,23.6856,53.3761
23.8123,23.8,52.3876
23.1983,23.6718,53.13
22.4617,23.4552,54.0831
20.9226,23.3116,55.7658
19.0862,22.9037,58.0101
16.974,22.3382,60.6877
17.1178,22.3797,60.5025
17.3439,22.4775,60.1786
17.417,22.4953,60.0877
17.5131,22.5254,59.9615
17.6888,22.5879,59.7232
17.7753,22.6239,59.6007
17.8984,22.6803,59.4213
17.884,22.6428,59.4732
17.9241,22.6369,59.439
17.9632,22.643,59.3938
18.4937,22.7974,58.7089
18.5401,22.8427,58.6172
18.2698,22.7488,58.9814
18.2692,22.7033,59.0275
18.3823,22.7369,58.8808
18.3662,22.7147,58.9191
18.4399,22.7346,58.8255
18.498,22.7536,58.7484
18.5712,22.7512,58.6776
18.6117,22.7509,58.6374
18.6977,22.7719,58.5304
18.7635,22.7933,58.4433
18.8142,22.8006,58.3852
18.948,22.8423,58.2097
18.9852,22.8557,58.1591
19.0826,22.8987,58.0187
19.0697,22.8678,58.0626
19.158,22.8772,57.9648
19.2261,22.8761,57.8977
19.23,22.855,57.915
19.2626,22.8671,57.8702
19.3323,22.8954,57.7723
19.4174,22.9394,57.6432
19.5159,22.9655,57.5186
19.5678,22.967,57.4652
19.5692,22.9516,57.4791
19.5882,22.9386,57.4732
19.6899,22.9719,57.3383
19.7422,22.9813,57.2765
19.6943,22.9314,57.3743
19.7292,22.9536,57.3172
19.7572,22.9372,57.3056
19.8544,22.9579,57.1877
19.9601,23.0316,57.0083
19.9565,23.0292,57.0142
20.0762,23.0748,56.8489
20.1158,23.0739,56.8103
20.1838,23.0883,56.7279
20.2213,23.0931,56.6857
20.2726,23.1147,56.6127
20.3209,23.1239,56.5552
20.4433,23.1529,56.4038
20.526,23.1798,56.2943
20.4825,23.1603,56.3572
20.6325,23.2003,56.1672
20.648,23.2079,56.1441
20.7341,23.2304,56.0355
20.8144,23.2542,55.9314
20.8275,23.2523,55.9203
20.911,23.2764,55.8126
20.9312,23.2695,55.7993
20.9856,23.278,55.7365
21.0185,23.2868,55.6948
21.092,23.3008,55.6072
21.1781,23.3164,55.5055
21.21,23.3304,55.4596
21.2723,23.3431,55.3846
21.31,23.3511,55.3388
21.3424,23.3527,55.3049
21.3775,23.3529,55.2696
21.4429,23.3601,55.197
21.4824,23.3605,55.157
21.4938,23.3673,55.1389
21.5423,23.3821,55.0755
21.5794,23.3856,55.035
21.651,23.3943,54.9547
21.6647,23.3951,54.9402
21.6814,23.3986,54.92
21.7277,23.3987,54.8736
21.7346,23.3953,54.8702
21.8107,23.4095,54.7797
21.8651,23.4188,54.716
21.8688,23.416,54.7152
21.9058,23.4225,54.6716
21.883,23.4125,54.7045
21.9959,23.4349,54.5692
21.9747,23.4229,54.6024
21.9918,23.4291,54.579
21.9828,23.4248,54.5924
21.9963,23.4182,54.5855
22.0655,23.4383,54.4962
22.0564,23.4329,54.5107
22.1526,23.4577,54.3896
22.1523,23.4482,54.3995
22.1639,23.4464,54.3897
22.1711,23.4456,54.3833
29.5132,23.4831,47.0037
29.1819,23.3931,47.425
28.8384,23.3043,47.8573
28.441,23.2013,48.3577
28.0007,23.0471,48.9522
27.2926,22.7438,49.9636
26.536,22.3993,51.0647
25.7578,22.0599,52.1822
24.9569,21.7103,53.3328
24.4474,21.507,54.0457
23.9522,21.3478,54.7001
23.4743,21.199,55.3266
23.0495,21.0859,55.8647
22.6658,21.021,56.3132
22.4107,21.0073,56.5819
22.0894,20.972,56.9386
21.7735,20.9299,57.2966
21.4798,20.8973,57.6229
21.2664,20.8913,57.8423
20.9931,20.8862,58.1207
20.7478,20.9006,58.3516
20.5207,20.9204,58.5589
20.2986,20.9374,58.764
20.1186,20.9374,58.944
18.7053,19.8828,61.4119
17.8792,19.348,62.7728
16.645,18.4681,64.8869
15.1416,17.3445,67.5139
14.4398,16.9068,68.6535
14.1436,16.8519,69.0045
13.8864,16.8257,69.2879
13.6063,16.7929,69.6008
13.3657,16.7768,69.8575
13.0779,16.7476,70.1745
12.8986,16.7842,70.3172
12.7314,16.822,70.4466
12.7322,16.9406,70.3272
12.7239,17.0523,70.2238
12.7209,17.1689,70.1102
12.6848,17.2679,70.0473
12.6376,17.3758,69.9866
12.7153,17.5252,69.7595
12.669,17.6217,69.7093
12.6877,17.7322,69.58
12.6551,17.8292,69.5157
12.6739,17.9368,69.3894
12.7211,18.0691,69.2097
12.7161,18.1717,69.1122
12.7677,18.2751,68.9572
12.8356,18.3896,68.7748
12.8265,18.4876,68.6858
12.9437,18.6116,68.4447
13.0237,18.7183,68.258
13.1056,18.8276,68.0668
13.1507,18.9274,67.9219
13.2709,19.0484,67.6806
13.3337,19.1428,67.5235
13.3711,19.2378,67.3911
13.4247,19.3343,67.241
13.5124,19.4258,67.0617
13.6323,19.5224,66.8453
13.6943,19.6056,66.7001
13.7545,19.6954,66.5502
13.825,19.7738,66.4012
13.8546,19.85,66.2955
13.9425,19.9277,66.1298
13.9873,19.987,66.0257
14.0228,20.0435,65.9337
14.0331,20.0948,65.8721
14.0444,20.1489,65.8066
14.1323,20.2129,65.6548
14.1826,20.2574,65.5601
14.2326,20.305,65.4625
14.2951,20.3483,65.3566
14.4291,20.4058,65.1651
14.542,20.4717,64.9863
14.6731,20.5803,64.7467
14.819,20.6681,64.5128
14.9454,20.7468,64.3078
15.1062,20.8385,64.0552
15.2096,20.9245,63.8659
15.3122,20.9903,63.6976
15.4071,21.0728,63.5201
15.5138,21.1159,63.3704
15.6554,21.1749,63.1697
15.7724,21.2329,62.9946
15.8847,21.2973,62.818
15.9923,21.3545,62.6532
16.1728,21.4089,62.4183
16.2528,21.4662,62.281
16.3503,21.5276,62.122
16.4457,21.5844,61.97
16.5315,21.6409,61.8276
16.6474,21.706,61.6466
16.7534,21.768,61.4787
16.8446,21.8069,61.3485
16.9242,21.8513,61.2244
16.9979,21.8911,61.111
17.0985,21.9244,60.9771
17.1501,21.9353,60.9146
17.2214,21.9647,60.8139
17.2959,22.0073,60.6968
17.3599,22.0393,60.6008
17.4687,22.0724,60.4589
17.5555,22.1147,60.3298
17.6352,22.1491,60.2157
17.7173,22.1835,60.0993
17.8224,22.2229,59.9547
17.9171,22.2773,59.8055
18.0023,22.2917,59.706
18.0684,22.3146,59.617
18.1457,22.3363,59.518
18.2662,22.3702,59.3636
18.3259,22.4075,59.2667
18.3783,22.4331,59.1886
18.435,22.461,59.104
18.4921,22.486,59.0219
18.585,22.5154,58.8996
18.6368,22.5375,58.8256
18.6783,22.5501,58.7716
18.7087,22.558,58.7333
18.7515,22.5636,58.6849
18.8324,22.5845,58.5831
18.8819,22.6012,58.5168
18.9504,22.6287,58.4209
19.0031,22.6487,58.3482
19.1069,22.6793,58.2138
19.1506,22.6885,58.1609
19.197,22.703,58.1
19.2553,22.7143,58.0303
19.3269,22.7443,57.9287
19.4324,22.7806,57.787
19.4906,22.8019,57.7075
19.5064,22.7989,57.6947
19.5451,22.8207,57.6342
19.6374,22.8435,57.5191
19.6957,22.8691,57.4352
19.7372,22.8848,57.3781
19.7739,22.8828,57.3433
19.8368,22.9067,57.2565
19.9374,22.9377,57.1249
19.9799,22.9583,57.0619
20.0239,22.9664,57.0096
20.0852,22.991,56.9238
20.1575,23.0107,56.8319
20.2431,23.0364,56.7205
20.3253,23.0682,56.6065
20.3562,23.0794,56.5643
20.4017,23.0846,56.5137
20.4441,23.0798,56.4761
20.4702,23.0867,56.4431
20.511,23.0949,56.3941
20.5605,23.1055,56.334
20.5892,23.1071,56.3037
20.6505,23.1156,56.2339
20.6755,23.1202,56.2043
20.7027,23.1276,56.1698
20.7652,23.1482,56.0866
20.8273,23.1546,56.0181
20.8653,23.1616,55.9731
20.9329,23.1855,55.8816
20.9602,23.1945,55.8454
20.9934,23.2044,55.8021
21.0354,23.2151,55.7495
21.0069,23.1984,55.7947
20.9987,23.1793,55.822
20.9487,23.1461,55.9052
20.9545,23.1318,55.9137
20.9831,23.1357,55.8812
21.0605,23.1536,55.7859
21.0833,23.1773,55.7394
21.1231,23.1946,55.6823
21.1683,23.2118,55.6199
21.2563,23.2413,55.5024
21.3193,23.2641,55.4165
21.3651,23.271,55.3639
21.3751,23.2746,55.3503
21.415,23.2769,55.3081
21.4377,23.2756,55.2867
21.4496,23.2841,55.2663
23.6621,21.5556,54.7823
